00 04 75 8d 49 c7 00 aa 00 30 91 09 08 00 45 00 
00 1c 02 2b 20 00 80 06 4f 22 c0 a8 24 20 c0 a8 
24 1e 04 22 00 15 ca 3a 57 9e 00 00 00 00 00 00 
00 00 00 00 00 00 00 00 00 00 00 00 

00 04 75 8d 49 c7 00 aa 00 30 91 09 08 00 45 00 
00 1c 02 2b 20 02 80 06 4f 20 c0 a8 24 20 c0 a8 
24 1e 53 80 00 00 02 04 05 b4 00 00 00 00 00 00 
00 00 00 00 00 00 00 00 00 00 00 00 

00 04 75 8d 49 c7 00 aa 00 30 91 09 08 00 45 00 
00 1c 02 2b 20 01 80 06 4f 21 c0 a8 24 20 c0 a8 
24 1e 00 00 00 00 70 02 40 00 00 00 00 00 00 00 
00 00 00 00 00 00 00 00 00 00 00 00 

00 04 75 8d 49 c7 00 aa 00 30 91 09 08 00 45 00 
00 1c 02 2b 20 02 80 06 4f 20 c0 a8 24 20 c0 a8 
24 1e 53 80 00 00 02 04 05 b4 00 00 00 00 00 00 
00 00 00 00 00 00 00 00 00 00 00 00 

00 04 75 8d 49 c7 00 aa 00 30 91 09 08 00 45 00 
00 18 02 2b 00 03 80 06 6f 23 c0 a8 24 20 c0 a8 
24 1e 01 01 04 02 00 00 00 00 00 00 00 00 00 00 
00 00 00 00 00 00 00 00 00 00 00 00 

00 aa 00 30 91 0d 00 04 75 8d 49 c7 08 00 45 00 
00 30 00 00 40 00 40 06 71 39 c0 a8 24 1e c0 a8 
24 20 00 15 04 22 58 b7 e7 c4 ca 3a 57 9f 70 12 
16 d0 3c 23 00 00 02 04 05 b4 01 01 04 02 

00 04 75 8d 49 c7 00 aa 00 30 91 09 08 00 45 00 
00 1c 02 2c 20 00 80 06 4f 21 c0 a8 24 20 c0 a8 
24 1e 04 22 00 15 ca 3a 57 9f 00 00 00 00 00 00 
00 00 00 00 00 00 00 00 00 00 00 00 

00 04 75 8d 49 c7 00 aa 00 30 91 09 08 00 45 00 
00 1c 02 2c 20 01 80 06 4f 20 c0 a8 24 20 c0 a8 
24 1e 58 b7 e7 c5 50 10 44 70 00 00 00 00 00 00 
00 00 00 00 00 00 00 00 00 00 00 00 

00 04 75 8d 49 c7 00 aa 00 30 91 09 08 00 45 00 
00 1c 02 2c 20 01 80 06 4f 20 c0 a8 24 20 c0 a8 
24 1e 58 b7 e7 c5 50 10 44 70 00 00 00 00 00 00 
00 00 00 00 00 00 00 00 00 00 00 00 

00 04 75 8d 49 c7 00 aa 00 30 91 09 08 00 45 00 
00 18 02 2c 00 02 80 06 6f 23 c0 a8 24 20 c0 a8 
24 1e 3b 47 00 00 00 00 00 00 00 00 00 00 00 00 
00 00 00 00 00 00 00 00 00 00 00 00 

00 aa 00 30 91 0d 00 04 75 8d 49 c7 08 00 45 00 
00 74 c5 f4 40 00 40 06 ab 00 c0 a8 24 1e c0 a8 
24 20 00 15 04 22 58 b7 e7 c5 ca 3a 57 9f 50 18 
16 d0 bb e9 00 00 32 32 30 2d 2a 2a 2a 2a 57 65 
6c 63 6f 6d 65 20 74 6f 20 74 68 65 20 4e 65 74 
77 6f 72 6b 20 53 65 63 75 72 69 74 79 20 66 74 
70 20 73 65 72 76 65 72 2c 20 4c 6f 67 69 6e 20 
61 73 20 61 6e 6f 6e 79 6d 6f 75 73 2a 2a 2a 2a 
0d 0a 

00 04 75 8d 49 c7 00 aa 00 30 91 09 08 00 45 00 
00 1c 02 2d 20 00 80 06 4f 20 c0 a8 24 20 c0 a8 
24 1e 04 22 00 15 ca 3a 57 9f 00 00 00 00 00 00 
00 00 00 00 00 00 00 00 00 00 00 00 

00 04 75 8d 49 c7 00 aa 00 30 91 09 08 00 45 00 
00 1c 02 2d 20 01 80 06 4f 1f c0 a8 24 20 c0 a8 
24 1e 58 b7 e8 11 50 10 44 24 00 00 00 00 00 00 
00 00 00 00 00 00 00 00 00 00 00 00 

00 04 75 8d 49 c7 00 aa 00 30 91 09 08 00 45 00 
00 1c 02 2d 20 01 80 06 4f 1f c0 a8 24 20 c0 a8 
24 1e 58 b7 e8 11 50 10 44 24 00 00 00 00 00 00 
00 00 00 00 00 00 00 00 00 00 00 00 

00 04 75 8d 49 c7 00 aa 00 30 91 09 08 00 45 00 
00 18 02 2d 00 02 80 06 6f 22 c0 a8 24 20 c0 a8 
24 1e 3b 47 00 00 00 00 00 00 00 00 00 00 00 00 
00 00 00 00 00 00 00 00 00 00 00 00 

00 aa 00 30 91 0d 00 04 75 8d 49 c7 08 00 45 00 
03 50 c5 f5 40 00 40 06 a8 23 c0 a8 24 1e c0 a8 
24 20 00 15 04 22 58 b7 e8 11 ca 3a 57 9f 50 18 
16 d0 46 3c 00 00 32 32 30 2d 54 68 69 73 20 63 
6f 6d 70 75 74 65 72 20 73 79 73 74 65 6d 20 69 
6e 63 6c 75 64 69 6e 67 20 61 6c 6c 20 72 65 6c 
61 74 65 64 20 65 71 75 69 70 6d 65 6e 74 2c 20 
6e 65 74 77 6f 72 6b 73 2c 20 61 6e 64 0d 0a 32 
32 30 2d 6e 65 74 77 6f 72 6b 20 64 65 76 69 63 
65 73 2c 20 61 72 65 20 70 72 6f 76 69 64 65 64 
20 6f 6e 6c 79 20 66 6f 72 20 61 75 74 68 6f 72 
69 7a 65 64 20 75 73 65 2e 20 20 54 68 69 73 20 
63 6f 6d 70 75 74 65 72 0d 0a 32 32 30 2d 73 79 
73 74 65 6d 20 6d 61 79 20 62 65 20 6d 6f 6e 69 
74 6f 72 65 64 20 66 6f 72 20 61 6c 6c 20 6c 61 
77 66 75 6c 20 70 75 72 70 6f 73 65 73 2c 20 69 
6e 63 6c 75 64 69 6e 67 20 74 6f 20 65 6e 73 75 
72 65 20 74 68 61 74 0d 0a 32 32 30 2d 75 73 65 
20 69 73 20 61 75 74 68 6f 72 69 7a 65 64 2c 20 
66 6f 72 20 6d 61 6e 61 67 65 6d 65 6e 74 20 6f 
66 20 74 68 65 20 73 79 73 74 65 6d 2c 20 74 6f 
20 66 61 63 69 6c 69 74 61 74 65 20 70 72 6f 74 
65 63 74 69 6f 6e 0d 0a 32 32 30 2d 61 67 61 69 
6e 73 74 20 75 6e 61 75 74 68 6f 72 69 7a 65 64 
20 61 63 63 65 73 73 2c 20 61 6e 64 20 74 6f 20 
76 65 72 69 66 79 20 73 65 63 75 72 69 74 79 20 
70 72 6f 63 65 64 75 72 65 73 2c 20 0d 0a 32 32 
30 2d 73 75 72 76 69 76 61 62 69 6c 69 74 79 20 
61 6e 64 20 6f 70 65 72 61 74 69 6f 6e 61 6c 20 
73 65 63 75 72 69 74 79 2e 20 20 44 75 72 69 6e 
67 20 6d 6f 6e 69 74 6f 72 69 6e 67 20 69 6e 66 
6f 72 6d 61 74 69 6f 6e 20 6d 61 79 0d 0a 32 32 
30 2d 62 65 20 65 78 61 6d 69 6e 65 64 2c 20 72 
65 63 6f 72 64 65 64 2c 20 63 6f 70 69 65 64 20 
61 6e 64 20 75 73 65 64 20 66 6f 72 20 61 75 74 
68 6f 72 69 7a 65 64 20 70 75 72 70 6f 73 65 73 
2e 20 20 41 6c 6c 20 0d 0a 32 32 30 2d 69 6e 66 
6f 72 6d 61 74 69 6f 6e 2c 20 69 6e 63 6c 75 64 
69 6e 67 20 70 65 72 73 6f 6e 61 6c 20 69 6e 66 
6f 72 6d 61 74 69 6f 6e 20 70 6c 61 63 65 64 20 
6f 6e 20 6f 72 20 73 65 6e 74 20 6f 76 65 72 20 
74 68 69 73 0d 0a 32 32 30 2d 73 79 73 74 65 6d 
20 6d 61 79 20 62 65 20 6d 6f 6e 69 74 6f 72 65 
64 2e 20 20 55 6e 61 75 74 68 6f 72 69 7a 65 64 
20 75 73 65 20 6d 61 79 20 73 75 62 6a 65 63 74 
20 79 6f 75 20 74 6f 20 63 72 69 6d 69 6e 61 6c 
20 0d 0a 32 32 30 2d 70 72 6f 73 65 63 75 74 69 
6f 6e 2e 0d 0a 32 32 30 2d 0d 0a 32 32 30 2d 54 
68 61 6e 6b 20 79 6f 75 2c 20 68 61 76 65 20 61 
20 6e 69 63 65 20 44 61 79 2e 0d 0a 32 32 30 2d 
0d 0a 32 32 30 20 6e 65 74 77 6f 72 6b 73 65 63 
75 72 69 74 79 20 46 54 50 20 73 65 72 76 65 72 
20 28 56 65 72 73 69 6f 6e 20 77 75 2d 32 2e 36 
2e 32 2d 38 29 20 72 65 61 64 79 2e 0d 0a 

00 04 75 8d 49 c7 00 aa 00 30 91 09 08 00 45 00 
00 1c 02 2e 20 00 80 06 4f 1f c0 a8 24 20 c0 a8 
24 1e 04 22 00 15 ca 3a 57 9f 00 00 00 00 00 00 
00 00 00 00 00 00 00 00 00 00 00 00 

00 04 75 8d 49 c7 00 aa 00 30 91 09 08 00 45 00 
00 1c 02 2e 20 01 80 06 4f 1e c0 a8 24 20 c0 a8 
24 1e 58 b7 eb 39 50 10 40 fc 00 00 00 00 00 00 
00 00 00 00 00 00 00 00 00 00 00 00 

00 04 75 8d 49 c7 00 aa 00 30 91 09 08 00 45 00 
00 1c 02 2e 20 01 80 06 4f 1e c0 a8 24 20 c0 a8 
24 1e 58 b7 eb 39 50 10 40 fc 00 00 00 00 00 00 
00 00 00 00 00 00 00 00 00 00 00 00 

00 04 75 8d 49 c7 00 aa 00 30 91 09 08 00 45 00 
00 18 02 2e 00 02 80 06 6f 21 c0 a8 24 20 c0 a8 
24 1e 3b 47 00 00 00 00 00 00 00 00 00 00 00 00 
00 00 00 00 00 00 00 00 00 00 00 00 

00 04 75 8d 49 c7 00 aa 00 30 91 09 08 00 45 00 
00 1c 02 2f 20 00 80 06 4f 1e c0 a8 24 20 c0 a8 
24 1e 04 22 00 15 ca 3a 57 9f 00 00 00 00 00 00 
00 00 00 00 00 00 00 00 00 00 00 00 

00 04 75 8d 49 c7 00 aa 00 30 91 09 08 00 45 00 
00 1c 02 2f 20 02 80 06 4f 1c c0 a8 24 20 c0 a8 
24 1e 09 c1 00 00 55 53 45 52 00 00 00 00 00 00 
00 00 00 00 00 00 00 00 00 00 00 00 

00 04 75 8d 49 c7 00 aa 00 30 91 09 08 00 45 00 
00 1c 02 2f 20 01 80 06 4f 1d c0 a8 24 20 c0 a8 
24 1e 58 b7 eb 39 50 18 40 fc 00 00 00 00 00 00 
00 00 00 00 00 00 00 00 00 00 00 00 

00 04 75 8d 49 c7 00 aa 00 30 91 09 08 00 45 00 
00 1c 02 2f 20 02 80 06 4f 1c c0 a8 24 20 c0 a8 
24 1e 09 c1 00 00 55 53 45 52 00 00 00 00 00 00 
00 00 00 00 00 00 00 00 00 00 00 00 

00 04 75 8d 49 c7 00 aa 00 30 91 09 08 00 45 00 
00 1a 02 2f 00 03 80 06 6f 1d c0 a8 24 20 c0 a8 
24 1e 20 68 69 5c 0d 0a 00 00 00 00 00 00 00 00 
00 00 00 00 00 00 00 00 00 00 00 00 

00 aa 00 30 91 0d 00 04 75 8d 49 c7 08 00 45 00 
00 28 c5 f6 40 00 40 06 ab 4a c0 a8 24 1e c0 a8 
24 20 00 15 04 22 58 b7 eb 39 ca 3a 57 a9 50 10 
16 d0 65 69 00 00 00 00 00 00 00 00 

00 aa 00 30 91 0d 00 04 75 8d 49 c7 08 00 45 00 
00 48 c5 f7 40 00 40 06 ab 29 c0 a8 24 1e c0 a8 
24 20 00 15 04 22 58 b7 eb 39 ca 3a 57 a9 50 18 
16 d0 d7 40 00 00 33 33 31 20 50 61 73 73 77 6f 
72 64 20 72 65 71 75 69 72 65 64 20 66 6f 72 20 
68 69 5c 2e 0d 0a 

00 04 75 8d 49 c7 00 aa 00 30 91 09 08 00 45 00 
00 1c 02 30 20 00 80 06 4f 1d c0 a8 24 20 c0 a8 
24 1e 04 22 00 15 ca 3a 57 a9 00 00 00 00 00 00 
00 00 00 00 00 00 00 00 00 00 00 00 

00 04 75 8d 49 c7 00 aa 00 30 91 09 08 00 45 00 
00 1c 02 30 20 01 80 06 4f 1c c0 a8 24 20 c0 a8 
24 1e 58 b7 eb 59 50 10 40 dc 00 00 00 00 00 00 
00 00 00 00 00 00 00 00 00 00 00 00 

00 04 75 8d 49 c7 00 aa 00 30 91 09 08 00 45 00 
00 1c 02 30 20 01 80 06 4f 1c c0 a8 24 20 c0 a8 
24 1e 58 b7 eb 59 50 10 40 dc 00 00 00 00 00 00 
00 00 00 00 00 00 00 00 00 00 00 00 

00 04 75 8d 49 c7 00 aa 00 30 91 09 08 00 45 00 
00 18 02 30 00 02 80 06 6f 1f c0 a8 24 20 c0 a8 
24 1e 3b 3d 00 00 00 00 00 00 00 00 00 00 00 00 
00 00 00 00 00 00 00 00 00 00 00 00 

00 04 75 8d 49 c7 00 aa 00 30 91 09 08 00 45 00 
00 1c 02 31 20 00 80 06 4f 1c c0 a8 24 20 c0 a8 
24 1e 04 22 00 15 ca 3a 57 a9 00 00 00 00 00 00 
00 00 00 00 00 00 00 00 00 00 00 00 

00 04 75 8d 49 c7 00 aa 00 30 91 09 08 00 45 00 
00 1c 02 31 20 02 80 06 4f 1a c0 a8 24 20 c0 a8 
24 1e 98 ab 00 00 50 41 53 53 00 00 00 00 00 00 
00 00 00 00 00 00 00 00 00 00 00 00 

00 04 75 8d 49 c7 00 aa 00 30 91 09 08 00 45 00 
00 1c 02 31 20 01 80 06 4f 1b c0 a8 24 20 c0 a8 
24 1e 58 b7 eb 59 50 18 40 dc 00 00 00 00 00 00 
00 00 00 00 00 00 00 00 00 00 00 00 

00 04 75 8d 49 c7 00 aa 00 30 91 09 08 00 45 00 
00 1c 02 31 20 02 80 06 4f 1a c0 a8 24 20 c0 a8 
24 1e 98 ab 00 00 50 41 53 53 00 00 00 00 00 00 
00 00 00 00 00 00 00 00 00 00 00 00 

00 04 75 8d 49 c7 00 aa 00 30 91 09 08 00 45 00 
00 1b 02 31 00 03 80 06 6f 1a c0 a8 24 20 c0 a8 
24 1e 20 6e 6f 6e 65 0d 0a 00 00 00 00 00 00 00 
00 00 00 00 00 00 00 00 00 00 00 00 

00 aa 00 30 91 0d 00 04 75 8d 49 c7 08 00 45 00 
00 28 c5 f8 40 00 40 06 ab 48 c0 a8 24 1e c0 a8 
24 20 00 15 04 22 58 b7 eb 59 ca 3a 57 b4 50 10 
16 d0 65 3e 00 00 00 00 00 00 00 00 

00 aa 00 30 91 0d 00 04 75 8d 49 c7 08 00 45 00 
00 3e c5 f9 40 00 40 06 ab 31 c0 a8 24 1e c0 a8 
24 20 00 15 04 22 58 b7 eb 59 ca 3a 57 b4 50 18 
16 d0 b7 e7 00 00 35 33 30 20 4c 6f 67 69 6e 20 
69 6e 63 6f 72 72 65 63 74 2e 0d 0a 

00 04 75 8d 49 c7 00 aa 00 30 91 09 08 00 45 00 
00 1c 02 32 20 00 80 06 4f 1b c0 a8 24 20 c0 a8 
24 1e 04 22 00 15 ca 3a 57 b4 00 00 00 00 00 00 
00 00 00 00 00 00 00 00 00 00 00 00 

00 04 75 8d 49 c7 00 aa 00 30 91 09 08 00 45 00 
00 1c 02 32 20 01 80 06 4f 1a c0 a8 24 20 c0 a8 
24 1e 58 b7 eb 6f 50 10 40 c6 00 00 00 00 00 00 
00 00 00 00 00 00 00 00 00 00 00 00 

00 04 75 8d 49 c7 00 aa 00 30 91 09 08 00 45 00 
00 1c 02 32 20 01 80 06 4f 1a c0 a8 24 20 c0 a8 
24 1e 58 b7 eb 6f 50 10 40 c6 00 00 00 00 00 00 
00 00 00 00 00 00 00 00 00 00 00 00 

00 04 75 8d 49 c7 00 aa 00 30 91 09 08 00 45 00 
00 18 02 32 00 02 80 06 6f 1d c0 a8 24 20 c0 a8 
24 1e 3b 32 00 00 00 00 00 00 00 00 00 00 00 00 
00 00 00 00 00 00 00 00 00 00 00 00 

00 04 75 8d 49 c7 00 aa 00 30 91 09 08 00 45 00 
00 1c 02 33 20 00 80 06 4f 1a c0 a8 24 20 c0 a8 
24 1e 04 22 00 15 ca 3a 57 b4 00 00 00 00 00 00 
00 00 00 00 00 00 00 00 00 00 00 00 

00 04 75 8d 49 c7 00 aa 00 30 91 09 08 00 45 00 
00 1c 02 33 20 02 80 06 4f 18 c0 a8 24 20 c0 a8 
24 1e b3 3d 00 00 55 53 45 52 00 00 00 00 00 00 
00 00 00 00 00 00 00 00 00 00 00 00 

00 04 75 8d 49 c7 00 aa 00 30 91 09 08 00 45 00 
00 1c 02 33 20 01 80 06 4f 19 c0 a8 24 20 c0 a8 
24 1e 58 b7 eb 6f 50 18 40 c6 00 00 00 00 00 00 
00 00 00 00 00 00 00 00 00 00 00 00 

00 04 75 8d 49 c7 00 aa 00 30 91 09 08 00 45 00 
00 1c 02 33 20 03 80 06 4f 17 c0 a8 24 20 c0 a8 
24 1e 20 61 6e 6f 6e 79 6d 6f 00 00 00 00 00 00 
00 00 00 00 00 00 00 00 00 00 00 00 

00 04 75 8d 49 c7 00 aa 00 30 91 09 08 00 45 00 
00 18 02 33 00 04 80 06 6f 1a c0 a8 24 20 c0 a8 
24 1e 75 73 0d 0a 00 00 00 00 00 00 00 00 00 00 
00 00 00 00 00 00 00 00 00 00 00 00 

00 04 75 8d 49 c7 00 aa 00 30 91 09 08 00 45 00 
00 1c 02 33 20 03 80 06 4f 17 c0 a8 24 20 c0 a8 
24 1e 20 61 6e 6f 6e 79 6d 6f 00 00 00 00 00 00 
00 00 00 00 00 00 00 00 00 00 00 00 

00 aa 00 30 91 0d 00 04 75 8d 49 c7 08 00 45 00 
00 28 c5 fa 40 00 40 06 ab 46 c0 a8 24 1e c0 a8 
24 20 00 15 04 22 58 b7 eb 6f ca 3a 57 c4 50 10 
16 d0 65 18 00 00 00 00 00 00 00 00 

00 aa 00 30 91 0d 00 04 75 8d 49 c7 08 00 45 00 
00 6c c5 fb 40 00 40 06 ab 01 c0 a8 24 1e c0 a8 
24 20 00 15 04 22 58 b7 eb 6f ca 3a 57 c4 50 18 
16 d0 7b 27 00 00 33 33 31 20 47 75 65 73 74 20 
6c 6f 67 69 6e 20 6f 6b 2c 20 73 65 6e 64 20 79 
6f 75 72 20 63 6f 6d 70 6c 65 74 65 20 65 2d 6d 
61 69 6c 20 61 64 64 72 65 73 73 20 61 73 20 70 
61 73 73 77 6f 72 64 2e 0d 0a 

00 04 75 8d 49 c7 00 aa 00 30 91 09 08 00 45 00 
00 1c 02 34 20 00 80 06 4f 19 c0 a8 24 20 c0 a8 
24 1e 04 22 00 15 ca 3a 57 c4 00 00 00 00 00 00 
00 00 00 00 00 00 00 00 00 00 00 00 

00 04 75 8d 49 c7 00 aa 00 30 91 09 08 00 45 00 
00 1c 02 34 20 01 80 06 4f 18 c0 a8 24 20 c0 a8 
24 1e 58 b7 eb b3 50 10 40 82 00 00 00 00 00 00 
00 00 00 00 00 00 00 00 00 00 00 00 

00 04 75 8d 49 c7 00 aa 00 30 91 09 08 00 45 00 
00 1c 02 34 20 01 80 06 4f 18 c0 a8 24 20 c0 a8 
24 1e 58 b7 eb b3 50 10 40 82 00 00 00 00 00 00 
00 00 00 00 00 00 00 00 00 00 00 00 

00 04 75 8d 49 c7 00 aa 00 30 91 09 08 00 45 00 
00 18 02 34 00 02 80 06 6f 1b c0 a8 24 20 c0 a8 
24 1e 3b 22 00 00 00 00 00 00 00 00 00 00 00 00 
00 00 00 00 00 00 00 00 00 00 00 00 

00 04 75 8d 49 c7 00 aa 00 30 91 09 08 00 45 00 
00 1c 02 35 20 00 80 06 4f 18 c0 a8 24 20 c0 a8 
24 1e 04 22 00 15 ca 3a 57 c4 00 00 00 00 00 00 
00 00 00 00 00 00 00 00 00 00 00 00 

00 04 75 8d 49 c7 00 aa 00 30 91 09 08 00 45 00 
00 1c 02 35 20 02 80 06 4f 16 c0 a8 24 20 c0 a8 
24 1e 06 2c 00 00 50 41 53 53 00 00 00 00 00 00 
00 00 00 00 00 00 00 00 00 00 00 00 

00 04 75 8d 49 c7 00 aa 00 30 91 09 08 00 45 00 
00 1c 02 35 20 01 80 06 4f 17 c0 a8 24 20 c0 a8 
24 1e 58 b7 eb b3 50 18 40 82 00 00 00 00 00 00 
00 00 00 00 00 00 00 00 00 00 00 00 

00 04 75 8d 49 c7 00 aa 00 30 91 09 08 00 45 00 
00 1c 02 35 20 03 80 06 4f 15 c0 a8 24 20 c0 a8 
24 1e 20 6a 6f 65 40 68 6f 6d 00 00 00 00 00 00 
00 00 00 00 00 00 00 00 00 00 00 00 

00 04 75 8d 49 c7 00 aa 00 30 91 09 08 00 45 00 
00 1b 02 35 00 04 80 06 6f 15 c0 a8 24 20 c0 a8 
24 1e 65 2e 6e 65 74 0d 0a 00 00 00 00 00 00 00 
00 00 00 00 00 00 00 00 00 00 00 00 

00 04 75 8d 49 c7 00 aa 00 30 91 09 08 00 45 00 
00 1c 02 35 20 03 80 06 4f 15 c0 a8 24 20 c0 a8 
24 1e 20 6a 6f 65 40 68 6f 6d 00 00 00 00 00 00 
00 00 00 00 00 00 00 00 00 00 00 00 

00 aa 00 30 91 0d 00 04 75 8d 49 c7 08 00 45 00 
00 58 c5 fc 40 00 40 06 ab 14 c0 a8 24 1e c0 a8 
24 20 00 15 04 22 58 b7 eb b3 ca 3a 57 d7 50 18 
16 d0 b8 a2 00 00 32 33 30 20 47 75 65 73 74 20 
6c 6f 67 69 6e 20 6f 6b 2c 20 61 63 63 65 73 73 
20 72 65 73 74 72 69 63 74 69 6f 6e 73 20 61 70 
70 6c 79 2e 0d 0a 

00 04 75 8d 49 c7 00 aa 00 30 91 09 08 00 45 00 
00 1c 02 36 20 00 80 06 4f 17 c0 a8 24 20 c0 a8 
24 1e 04 22 00 15 ca 3a 57 d7 00 00 00 00 00 00 
00 00 00 00 00 00 00 00 00 00 00 00 

00 04 75 8d 49 c7 00 aa 00 30 91 09 08 00 45 00 
00 1c 02 36 20 01 80 06 4f 16 c0 a8 24 20 c0 a8 
24 1e 58 b7 eb e3 50 10 40 52 00 00 00 00 00 00 
00 00 00 00 00 00 00 00 00 00 00 00 

00 04 75 8d 49 c7 00 aa 00 30 91 09 08 00 45 00 
00 1c 02 36 20 01 80 06 4f 16 c0 a8 24 20 c0 a8 
24 1e 58 b7 eb e3 50 10 40 52 00 00 00 00 00 00 
00 00 00 00 00 00 00 00 00 00 00 00 

00 04 75 8d 49 c7 00 aa 00 30 91 09 08 00 45 00 
00 18 02 36 00 02 80 06 6f 19 c0 a8 24 20 c0 a8 
24 1e 3b 0f 00 00 00 00 00 00 00 00 00 00 00 00 
00 00 00 00 00 00 00 00 00 00 00 00 

00 04 75 8d 49 c7 00 aa 00 30 91 09 08 00 45 00 
00 1c 02 37 20 00 80 06 4f 16 c0 a8 24 20 c0 a8 
24 1e 04 22 00 15 ca 3a 57 d7 00 00 00 00 00 00 
00 00 00 00 00 00 00 00 00 00 00 00 

00 04 75 8d 49 c7 00 aa 00 30 91 09 08 00 45 00 
00 1c 02 37 20 02 80 06 4f 14 c0 a8 24 20 c0 a8 
24 1e af 77 00 00 50 4f 52 54 00 00 00 00 00 00 
00 00 00 00 00 00 00 00 00 00 00 00 

00 04 75 8d 49 c7 00 aa 00 30 91 09 08 00 45 00 
00 1c 02 37 20 01 80 06 4f 15 c0 a8 24 20 c0 a8 
24 1e 58 b7 eb e3 50 18 40 52 00 00 00 00 00 00 
00 00 00 00 00 00 00 00 00 00 00 00 

00 04 75 8d 49 c7 00 aa 00 30 91 09 08 00 45 00 
00 1c 02 37 20 03 80 06 4f 13 c0 a8 24 20 c0 a8 
24 1e 20 31 39 32 2c 31 36 38 00 00 00 00 00 00 
00 00 00 00 00 00 00 00 00 00 00 00 

00 04 75 8d 49 c7 00 aa 00 30 91 09 08 00 45 00 
00 1c 02 37 20 04 80 06 4f 12 c0 a8 24 20 c0 a8 
24 1e 2c 33 36 2c 33 32 2c 34 00 00 00 00 00 00 
00 00 00 00 00 00 00 00 00 00 00 00 

00 04 75 8d 49 c7 00 aa 00 30 91 09 08 00 45 00 
00 1c 02 37 20 04 80 06 4f 12 c0 a8 24 20 c0 a8 
24 1e 2c 33 36 2c 33 32 2c 34 00 00 00 00 00 00 
00 00 00 00 00 00 00 00 00 00 00 00 

00 04 75 8d 49 c7 00 aa 00 30 91 09 08 00 45 00 
00 19 02 37 00 05 80 06 6f 14 c0 a8 24 20 c0 a8 
24 1e 2c 33 35 0d 0a 00 00 00 00 00 00 00 00 00 
00 00 00 00 00 00 00 00 00 00 00 00 

00 aa 00 30 91 0d 00 04 75 8d 49 c7 08 00 45 00 
00 46 c5 fd 40 00 40 06 ab 25 c0 a8 24 1e c0 a8 
24 20 00 15 04 22 58 b7 eb e3 ca 3a 57 f0 50 18 
16 d0 a7 6a 00 00 32 30 30 20 50 4f 52 54 20 63 
6f 6d 6d 61 6e 64 20 73 75 63 63 65 73 73 66 75 
6c 2e 0d 0a 

00 04 75 8d 49 c7 00 aa 00 30 91 09 08 00 45 00 
00 1c 02 38 20 00 80 06 4f 15 c0 a8 24 20 c0 a8 
24 1e 04 22 00 15 ca 3a 57 f0 00 00 00 00 00 00 
00 00 00 00 00 00 00 00 00 00 00 00 

00 04 75 8d 49 c7 00 aa 00 30 91 09 08 00 45 00 
00 1c 02 38 20 02 80 06 4f 13 c0 a8 24 20 c0 a8 
24 1e 8c 3d 00 00 4e 4c 53 54 00 00 00 00 00 00 
00 00 00 00 00 00 00 00 00 00 00 00 

00 04 75 8d 49 c7 00 aa 00 30 91 09 08 00 45 00 
00 1c 02 38 20 01 80 06 4f 14 c0 a8 24 20 c0 a8 
24 1e 58 b7 ec 01 50 18 40 34 00 00 00 00 00 00 
00 00 00 00 00 00 00 00 00 00 00 00 

00 04 75 8d 49 c7 00 aa 00 30 91 09 08 00 45 00 
00 1c 02 38 20 02 80 06 4f 13 c0 a8 24 20 c0 a8 
24 1e 8c 3d 00 00 4e 4c 53 54 00 00 00 00 00 00 
00 00 00 00 00 00 00 00 00 00 00 00 

00 04 75 8d 49 c7 00 aa 00 30 91 09 08 00 45 00 
00 16 02 38 00 03 80 06 6f 18 c0 a8 24 20 c0 a8 
24 1e 0d 0a 00 00 00 00 00 00 00 00 00 00 00 00 
00 00 00 00 00 00 00 00 00 00 00 00 

00 aa 00 30 91 0d 00 04 75 8d 49 c7 08 00 45 00 
00 3c 38 1a 40 00 40 06 39 13 c0 a8 24 1e c0 a8 
24 20 00 14 04 23 5b 0b 61 a1 00 00 00 00 a0 02 
16 d0 4d 00 00 00 02 04 05 b4 04 02 08 0a 00 09 
59 bb 00 00 00 00 01 03 03 00 

00 aa 00 30 91 0d 00 04 75 8d 49 c7 08 00 45 00 
00 28 c5 fe 40 00 40 06 ab 42 c0 a8 24 1e c0 a8 
24 20 00 15 04 22 58 b7 ec 01 ca 3a 57 f6 50 10 
16 d0 64 54 00 00 00 00 00 00 00 00 

00 04 75 8d 49 c7 00 aa 00 30 91 09 08 00 45 00 
00 1c 02 39 20 00 80 06 4f 14 c0 a8 24 20 c0 a8 
24 1e 04 23 00 14 ca 9b f6 eb 00 00 00 00 00 00 
00 00 00 00 00 00 00 00 00 00 00 00 

00 04 75 8d 49 c7 00 aa 00 30 91 09 08 00 45 00 
00 1c 02 39 20 02 80 06 4f 12 c0 a8 24 20 c0 a8 
24 1e a5 85 00 00 02 04 05 b4 00 00 00 00 00 00 
00 00 00 00 00 00 00 00 00 00 00 00 

00 04 75 8d 49 c7 00 aa 00 30 91 09 08 00 45 00 
00 1c 02 39 20 01 80 06 4f 13 c0 a8 24 20 c0 a8 
24 1e 5b 0b 61 a2 b0 12 44 70 00 00 00 00 00 00 
00 00 00 00 00 00 00 00 00 00 00 00 

00 04 75 8d 49 c7 00 aa 00 30 91 09 08 00 45 00 
00 1c 02 39 20 03 80 06 4f 11 c0 a8 24 20 c0 a8 
24 1e 01 03 03 00 01 01 08 0a 00 00 00 00 00 00 
00 00 00 00 00 00 00 00 00 00 00 00 

00 04 75 8d 49 c7 00 aa 00 30 91 09 08 00 45 00 
00 1c 02 39 20 04 80 06 4f 10 c0 a8 24 20 c0 a8 
24 1e 00 00 00 00 00 00 00 00 00 00 00 00 00 00 
00 00 00 00 00 00 00 00 00 00 00 00 

00 04 75 8d 49 c7 00 aa 00 30 91 09 08 00 45 00 
00 1c 02 39 20 04 80 06 4f 10 c0 a8 24 20 c0 a8 
24 1e 00 00 00 00 00 00 00 00 00 00 00 00 00 00 
00 00 00 00 00 00 00 00 00 00 00 00 

00 04 75 8d 49 c7 00 aa 00 30 91 09 08 00 45 00 
00 18 02 39 00 05 80 06 6f 13 c0 a8 24 20 c0 a8 
24 1e 01 01 04 02 00 00 00 00 00 00 00 00 00 00 
00 00 00 00 00 00 00 00 00 00 00 00 

00 aa 00 30 91 0d 00 04 75 8d 49 c7 08 00 45 00 
00 34 38 1b 40 00 40 06 39 1a c0 a8 24 1e c0 a8 
24 20 00 14 04 23 5b 0b 61 a2 ca 9b f6 ec 80 10 
16 d0 ba 16 00 00 01 01 08 0a 00 09 59 d1 00 00 
00 00 

00 aa 00 30 91 0d 00 04 75 8d 49 c7 08 00 45 00 
00 5f c5 ff 40 00 40 06 ab 0a c0 a8 24 1e c0 a8 
24 20 00 15 04 22 58 b7 ec 01 ca 3a 57 f6 50 18 
16 d0 48 f8 00 00 31 35 30 20 4f 70 65 6e 69 6e 
67 20 41 53 43 49 49 20 6d 6f 64 65 20 64 61 74 
61 20 63 6f 6e 6e 65 63 74 69 6f 6e 20 66 6f 72 
20 66 69 6c 65 20 6c 69 73 74 2e 0d 0a 

00 aa 00 30 91 0d 00 04 75 8d 49 c7 08 00 45 00 
00 a5 38 1c 40 00 40 06 38 a8 c0 a8 24 1e c0 a8 
24 20 00 14 04 23 5b 0b 61 a2 ca 9b f6 ec 80 18 
16 d0 08 94 00 00 01 01 08 0a 00 09 59 d2 00 00 
00 00 63 61 74 74 76 2e 6a 70 67 0d 0a 67 69 61 
6e 74 73 61 6e 64 77 69 63 68 2e 6a 70 67 0d 0a 
6a 6f 65 2e 6a 70 67 0d 0a 6e 65 74 77 6f 72 6b 
73 65 63 2e 74 78 74 0d 0a 72 65 64 6e 65 63 6b 
6f 6c 79 6d 70 69 63 73 2e 6a 70 67 0d 0a 72 65 
64 6e 65 63 6b 70 61 6c 6d 70 69 6c 6f 74 2e 6a 
70 67 0d 0a 73 70 69 64 65 72 62 75 67 2e 6a 70 
67 0d 0a 

00 aa 00 30 91 0d 00 04 75 8d 49 c7 08 00 45 00 
00 34 38 1d 40 00 40 06 39 18 c0 a8 24 1e c0 a8 
24 20 00 14 04 23 5b 0b 62 13 ca 9b f6 ec 80 11 
16 d0 b9 a3 00 00 01 01 08 0a 00 09 59 d2 00 00 
00 00 

00 04 75 8d 49 c7 00 aa 00 30 91 09 08 00 45 00 
00 1c 02 3a 20 00 80 06 4f 13 c0 a8 24 20 c0 a8 
24 1e 04 23 00 14 ca 9b f6 ec 00 00 00 00 00 00 
00 00 00 00 00 00 00 00 00 00 00 00 

00 04 75 8d 49 c7 00 aa 00 30 91 09 08 00 45 00 
00 1c 02 3a 20 02 80 06 4f 11 c0 a8 24 20 c0 a8 
24 1e 54 8b 00 00 01 01 08 0a 00 00 00 00 00 00 
00 00 00 00 00 00 00 00 00 00 00 00 

00 04 75 8d 49 c7 00 aa 00 30 91 09 08 00 45 00 
00 1c 02 3a 20 01 80 06 4f 12 c0 a8 24 20 c0 a8 
24 1e 5b 0b 62 14 80 10 43 ff 00 00 00 00 00 00 
00 00 00 00 00 00 00 00 00 00 00 00 

00 04 75 8d 49 c7 00 aa 00 30 91 09 08 00 45 00 
00 1c 02 3a 20 02 80 06 4f 11 c0 a8 24 20 c0 a8 
24 1e 54 8b 00 00 01 01 08 0a 00 00 00 00 00 00 
00 00 00 00 00 00 00 00 00 00 00 00 

00 04 75 8d 49 c7 00 aa 00 30 91 09 08 00 45 00 
00 1c 02 3a 00 03 80 06 6f 10 c0 a8 24 20 c0 a8 
24 1e 00 00 37 e9 00 09 59 d2 00 00 00 00 00 00 
00 00 00 00 00 00 00 00 00 00 00 00 

00 04 75 8d 49 c7 00 aa 00 30 91 09 08 00 45 00 
00 1c 02 3b 20 00 80 06 4f 12 c0 a8 24 20 c0 a8 
24 1e 04 23 00 14 ca 9b f6 ec 00 00 00 00 00 00 
00 00 00 00 00 00 00 00 00 00 00 00 

00 04 75 8d 49 c7 00 aa 00 30 91 09 08 00 45 00 
00 1c 02 3b 20 02 80 06 4f 10 c0 a8 24 20 c0 a8 
24 1e 54 8a 00 00 01 01 08 0a 00 00 00 00 00 00 
00 00 00 00 00 00 00 00 00 00 00 00 

00 04 75 8d 49 c7 00 aa 00 30 91 09 08 00 45 00 
00 1c 02 3b 20 01 80 06 4f 11 c0 a8 24 20 c0 a8 
24 1e 5b 0b 62 14 80 11 43 ff 00 00 00 00 00 00 
00 00 00 00 00 00 00 00 00 00 00 00 

00 04 75 8d 49 c7 00 aa 00 30 91 09 08 00 45 00 
00 1c 02 3b 20 02 80 06 4f 10 c0 a8 24 20 c0 a8 
24 1e 54 8a 00 00 01 01 08 0a 00 00 00 00 00 00 
00 00 00 00 00 00 00 00 00 00 00 00 

00 04 75 8d 49 c7 00 aa 00 30 91 09 08 00 45 00 
00 1c 02 3b 00 03 80 06 6f 0f c0 a8 24 20 c0 a8 
24 1e 00 00 37 e9 00 09 59 d2 00 00 00 00 00 00 
00 00 00 00 00 00 00 00 00 00 00 00 

00 aa 00 30 91 0d 00 04 75 8d 49 c7 08 00 45 00 
00 34 38 1e 40 00 40 06 39 17 c0 a8 24 1e c0 a8 
24 20 00 14 04 23 5b 0b 62 14 ca 9b f6 ed 80 10 
16 d0 81 a4 00 00 01 01 08 0a 00 09 59 e7 00 00 
37 e9 

00 04 75 8d 49 c7 00 aa 00 30 91 09 08 00 45 00 
00 1c 02 3c 20 00 80 06 4f 11 c0 a8 24 20 c0 a8 
24 1e 04 22 00 15 ca 3a 57 f6 00 00 00 00 00 00 
00 00 00 00 00 00 00 00 00 00 00 00 

00 04 75 8d 49 c7 00 aa 00 30 91 09 08 00 45 00 
00 1c 02 3c 20 01 80 06 4f 10 c0 a8 24 20 c0 a8 
24 1e 58 b7 ec 38 50 10 3f fd 00 00 00 00 00 00 
00 00 00 00 00 00 00 00 00 00 00 00 

00 04 75 8d 49 c7 00 aa 00 30 91 09 08 00 45 00 
00 1c 02 3c 20 01 80 06 4f 10 c0 a8 24 20 c0 a8 
24 1e 58 b7 ec 38 50 10 3f fd 00 00 00 00 00 00 
00 00 00 00 00 00 00 00 00 00 00 00 

00 04 75 8d 49 c7 00 aa 00 30 91 09 08 00 45 00 
00 18 02 3c 00 02 80 06 6f 13 c0 a8 24 20 c0 a8 
24 1e 3a f0 00 00 00 00 00 00 00 00 00 00 00 00 
00 00 00 00 00 00 00 00 00 00 00 00 

00 aa 00 30 91 0d 00 04 75 8d 49 c7 08 00 45 00 
00 40 c6 00 40 00 40 06 ab 28 c0 a8 24 1e c0 a8 
24 20 00 15 04 22 58 b7 ec 38 ca 3a 57 f6 50 18 
16 d0 95 07 00 00 32 32 36 20 54 72 61 6e 73 66 
65 72 20 63 6f 6d 70 6c 65 74 65 2e 0d 0a 

00 04 75 8d 49 c7 00 aa 00 30 91 09 08 00 45 00 
00 1c 02 3d 20 00 80 06 4f 10 c0 a8 24 20 c0 a8 
24 1e 04 22 00 15 ca 3a 57 f6 00 00 00 00 00 00 
00 00 00 00 00 00 00 00 00 00 00 00 

00 04 75 8d 49 c7 00 aa 00 30 91 09 08 00 45 00 
00 1c 02 3d 20 01 80 06 4f 0f c0 a8 24 20 c0 a8 
24 1e 58 b7 ec 50 50 10 3f e5 00 00 00 00 00 00 
00 00 00 00 00 00 00 00 00 00 00 00 

00 04 75 8d 49 c7 00 aa 00 30 91 09 08 00 45 00 
00 1c 02 3d 20 01 80 06 4f 0f c0 a8 24 20 c0 a8 
24 1e 58 b7 ec 50 50 10 3f e5 00 00 00 00 00 00 
00 00 00 00 00 00 00 00 00 00 00 00 

00 04 75 8d 49 c7 00 aa 00 30 91 09 08 00 45 00 
00 18 02 3d 00 02 80 06 6f 12 c0 a8 24 20 c0 a8 
24 1e 3a f0 00 00 00 00 00 00 00 00 00 00 00 00 
00 00 00 00 00 00 00 00 00 00 00 00 

00 04 75 8d 49 c7 00 aa 00 30 91 09 08 00 45 00 
00 1c 02 3e 20 00 80 06 4f 0f c0 a8 24 20 c0 a8 
24 1e 04 22 00 15 ca 3a 57 f6 00 00 00 00 00 00 
00 00 00 00 00 00 00 00 00 00 00 00 

00 04 75 8d 49 c7 00 aa 00 30 91 09 08 00 45 00 
00 1c 02 3e 20 02 80 06 4f 0d c0 a8 24 20 c0 a8 
24 1e 68 f6 00 00 54 59 50 45 00 00 00 00 00 00 
00 00 00 00 00 00 00 00 00 00 00 00 

00 04 75 8d 49 c7 00 aa 00 30 91 09 08 00 45 00 
00 1c 02 3e 20 01 80 06 4f 0e c0 a8 24 20 c0 a8 
24 1e 58 b7 ec 50 50 18 3f e5 00 00 00 00 00 00 
00 00 00 00 00 00 00 00 00 00 00 00 

00 04 75 8d 49 c7 00 aa 00 30 91 09 08 00 45 00 
00 1c 02 3e 20 02 80 06 4f 0d c0 a8 24 20 c0 a8 
24 1e 68 f6 00 00 54 59 50 45 00 00 00 00 00 00 
00 00 00 00 00 00 00 00 00 00 00 00 

00 04 75 8d 49 c7 00 aa 00 30 91 09 08 00 45 00 
00 18 02 3e 00 03 80 06 6f 10 c0 a8 24 20 c0 a8 
24 1e 20 41 0d 0a 00 00 00 00 00 00 00 00 00 00 
00 00 00 00 00 00 00 00 00 00 00 00 

00 aa 00 30 91 0d 00 04 75 8d 49 c7 08 00 45 00 
00 28 c6 01 40 00 40 06 ab 3f c0 a8 24 1e c0 a8 
24 20 00 15 04 22 58 b7 ec 50 ca 3a 57 fe 50 10 
16 d0 63 fd 00 00 00 00 00 00 00 00 

00 aa 00 30 91 0d 00 04 75 8d 49 c7 08 00 45 00 
00 3c c6 02 40 00 40 06 ab 2a c0 a8 24 1e c0 a8 
24 20 00 15 04 22 58 b7 ec 50 ca 3a 57 fe 50 18 
16 d0 d8 fd 00 00 32 30 30 20 54 79 70 65 20 73 
65 74 20 74 6f 20 41 2e 0d 0a 

00 04 75 8d 49 c7 00 aa 00 30 91 09 08 00 45 00 
00 1c 02 3f 20 00 80 06 4f 0e c0 a8 24 20 c0 a8 
24 1e 04 22 00 15 ca 3a 57 fe 00 00 00 00 00 00 
00 00 00 00 00 00 00 00 00 00 00 00 

00 04 75 8d 49 c7 00 aa 00 30 91 09 08 00 45 00 
00 1c 02 3f 20 02 80 06 4f 0c c0 a8 24 20 c0 a8 
24 1e ae 50 00 00 50 4f 52 54 00 00 00 00 00 00 
00 00 00 00 00 00 00 00 00 00 00 00 

00 04 75 8d 49 c7 00 aa 00 30 91 09 08 00 45 00 
00 1c 02 3f 20 01 80 06 4f 0d c0 a8 24 20 c0 a8 
24 1e 58 b7 ec 64 50 18 3f d1 00 00 00 00 00 00 
00 00 00 00 00 00 00 00 00 00 00 00 

00 04 75 8d 49 c7 00 aa 00 30 91 09 08 00 45 00 
00 1c 02 3f 20 03 80 06 4f 0b c0 a8 24 20 c0 a8 
24 1e 20 31 39 32 2c 31 36 38 00 00 00 00 00 00 
00 00 00 00 00 00 00 00 00 00 00 00 

00 04 75 8d 49 c7 00 aa 00 30 91 09 08 00 45 00 
00 1c 02 3f 20 04 80 06 4f 0a c0 a8 24 20 c0 a8 
24 1e 2c 33 36 2c 33 32 2c 34 00 00 00 00 00 00 
00 00 00 00 00 00 00 00 00 00 00 00 

00 04 75 8d 49 c7 00 aa 00 30 91 09 08 00 45 00 
00 1c 02 3f 20 04 80 06 4f 0a c0 a8 24 20 c0 a8 
24 1e 2c 33 36 2c 33 32 2c 34 00 00 00 00 00 00 
00 00 00 00 00 00 00 00 00 00 00 00 

00 04 75 8d 49 c7 00 aa 00 30 91 09 08 00 45 00 
00 19 02 3f 00 05 80 06 6f 0c c0 a8 24 20 c0 a8 
24 1e 2c 33 36 0d 0a 00 00 00 00 00 00 00 00 00 
00 00 00 00 00 00 00 00 00 00 00 00 

00 aa 00 30 91 0d 00 04 75 8d 49 c7 08 00 45 00 
00 46 c6 03 40 00 40 06 ab 1f c0 a8 24 1e c0 a8 
24 20 00 15 04 22 58 b7 ec 64 ca 3a 58 17 50 18 
16 d0 a6 c2 00 00 32 30 30 20 50 4f 52 54 20 63 
6f 6d 6d 61 6e 64 20 73 75 63 63 65 73 73 66 75 
6c 2e 0d 0a 

00 04 75 8d 49 c7 00 aa 00 30 91 09 08 00 45 00 
00 1c 02 40 20 00 80 06 4f 0d c0 a8 24 20 c0 a8 
24 1e 04 22 00 15 ca 3a 58 17 00 00 00 00 00 00 
00 00 00 00 00 00 00 00 00 00 00 00 

00 04 75 8d 49 c7 00 aa 00 30 91 09 08 00 45 00 
00 1c 02 40 20 02 80 06 4f 0b c0 a8 24 20 c0 a8 
24 1e cd 14 00 00 4e 4c 53 54 00 00 00 00 00 00 
00 00 00 00 00 00 00 00 00 00 00 00 

00 04 75 8d 49 c7 00 aa 00 30 91 09 08 00 45 00 
00 1c 02 40 20 01 80 06 4f 0c c0 a8 24 20 c0 a8 
24 1e 58 b7 ec 82 50 18 3f b3 00 00 00 00 00 00 
00 00 00 00 00 00 00 00 00 00 00 00 

00 04 75 8d 49 c7 00 aa 00 30 91 09 08 00 45 00 
00 1c 02 40 20 02 80 06 4f 0b c0 a8 24 20 c0 a8 
24 1e cd 14 00 00 4e 4c 53 54 00 00 00 00 00 00 
00 00 00 00 00 00 00 00 00 00 00 00 

00 04 75 8d 49 c7 00 aa 00 30 91 09 08 00 45 00 
00 1c 02 40 00 03 80 06 6f 0a c0 a8 24 20 c0 a8 
24 1e 20 2a 2e 6a 70 67 0d 0a 00 00 00 00 00 00 
00 00 00 00 00 00 00 00 00 00 00 00 

00 aa 00 30 91 0d 00 04 75 8d 49 c7 08 00 45 00 
00 3c f2 1c 40 00 40 06 7f 10 c0 a8 24 1e c0 a8 
24 20 00 14 04 24 5a fa 92 94 00 00 00 00 a0 02 
16 d0 15 50 00 00 02 04 05 b4 04 02 08 0a 00 09 
60 88 00 00 00 00 01 03 03 00 

00 aa 00 30 91 0d 00 04 75 8d 49 c7 08 00 45 00 
00 28 c6 04 40 00 40 06 ab 3c c0 a8 24 1e c0 a8 
24 20 00 15 04 22 58 b7 ec 82 ca 3a 58 23 50 10 
16 d0 63 a6 00 00 00 00 00 00 00 00 

00 04 75 8d 49 c7 00 aa 00 30 91 09 08 00 45 00 
00 1c 02 41 20 00 80 06 4f 0c c0 a8 24 20 c0 a8 
24 1e 04 24 00 14 ca a8 99 eb 00 00 00 00 00 00 
00 00 00 00 00 00 00 00 00 00 00 00 

00 04 75 8d 49 c7 00 aa 00 30 91 09 08 00 45 00 
00 1c 02 41 20 02 80 06 4f 0a c0 a8 24 20 c0 a8 
24 1e d1 95 00 00 02 04 05 b4 00 00 00 00 00 00 
00 00 00 00 00 00 00 00 00 00 00 00 

00 04 75 8d 49 c7 00 aa 00 30 91 09 08 00 45 00 
00 1c 02 41 20 01 80 06 4f 0b c0 a8 24 20 c0 a8 
24 1e 5a fa 92 95 b0 12 44 70 00 00 00 00 00 00 
00 00 00 00 00 00 00 00 00 00 00 00 

00 04 75 8d 49 c7 00 aa 00 30 91 09 08 00 45 00 
00 1c 02 41 20 03 80 06 4f 09 c0 a8 24 20 c0 a8 
24 1e 01 03 03 00 01 01 08 0a 00 00 00 00 00 00 
00 00 00 00 00 00 00 00 00 00 00 00 

00 04 75 8d 49 c7 00 aa 00 30 91 09 08 00 45 00 
00 1c 02 41 20 04 80 06 4f 08 c0 a8 24 20 c0 a8 
24 1e 00 00 00 00 00 00 00 00 00 00 00 00 00 00 
00 00 00 00 00 00 00 00 00 00 00 00 

00 04 75 8d 49 c7 00 aa 00 30 91 09 08 00 45 00 
00 1c 02 41 20 04 80 06 4f 08 c0 a8 24 20 c0 a8 
24 1e 00 00 00 00 00 00 00 00 00 00 00 00 00 00 
00 00 00 00 00 00 00 00 00 00 00 00 

00 04 75 8d 49 c7 00 aa 00 30 91 09 08 00 45 00 
00 18 02 41 00 05 80 06 6f 0b c0 a8 24 20 c0 a8 
24 1e 01 01 04 02 00 00 00 00 00 00 00 00 00 00 
00 00 00 00 00 00 00 00 00 00 00 00 

00 aa 00 30 91 0d 00 04 75 8d 49 c7 08 00 45 00 
00 34 f2 1d 40 00 40 06 7f 17 c0 a8 24 1e c0 a8 
24 20 00 14 04 24 5a fa 92 95 ca a8 99 ec 80 10 
16 d0 df 59 00 00 01 01 08 0a 00 09 60 9e 00 00 
00 00 

00 aa 00 30 91 0d 00 04 75 8d 49 c7 08 00 45 00 
00 5f c6 05 40 00 40 06 ab 04 c0 a8 24 1e c0 a8 
24 20 00 15 04 22 58 b7 ec 82 ca 3a 58 23 50 18 
16 d0 48 4a 00 00 31 35 30 20 4f 70 65 6e 69 6e 
67 20 41 53 43 49 49 20 6d 6f 64 65 20 64 61 74 
61 20 63 6f 6e 6e 65 63 74 69 6f 6e 20 66 6f 72 
20 66 69 6c 65 20 6c 69 73 74 2e 0d 0a 

00 aa 00 30 91 0d 00 04 75 8d 49 c7 08 00 45 00 
00 95 f2 1e 40 00 40 06 7e b5 c0 a8 24 1e c0 a8 
24 20 00 14 04 24 5a fa 92 95 ca a8 99 ec 80 18 
16 d0 46 bf 00 00 01 01 08 0a 00 09 60 9e 00 00 
00 00 63 61 74 74 76 2e 6a 70 67 0d 0a 67 69 61 
6e 74 73 61 6e 64 77 69 63 68 2e 6a 70 67 0d 0a 
6a 6f 65 2e 6a 70 67 0d 0a 72 65 64 6e 65 63 6b 
6f 6c 79 6d 70 69 63 73 2e 6a 70 67 0d 0a 72 65 
64 6e 65 63 6b 70 61 6c 6d 70 69 6c 6f 74 2e 6a 
70 67 0d 0a 73 70 69 64 65 72 62 75 67 2e 6a 70 
67 0d 0a 

00 aa 00 30 91 0d 00 04 75 8d 49 c7 08 00 45 00 
00 34 f2 1f 40 00 40 06 7f 15 c0 a8 24 1e c0 a8 
24 20 00 14 04 24 5a fa 92 f6 ca a8 99 ec 80 11 
16 d0 de f7 00 00 01 01 08 0a 00 09 60 9e 00 00 
00 00 

00 04 75 8d 49 c7 00 aa 00 30 91 09 08 00 45 00 
00 1c 02 42 20 00 80 06 4f 0b c0 a8 24 20 c0 a8 
24 1e 04 24 00 14 ca a8 99 ec 00 00 00 00 00 00 
00 00 00 00 00 00 00 00 00 00 00 00 

00 04 75 8d 49 c7 00 aa 00 30 91 09 08 00 45 00 
00 1c 02 42 20 02 80 06 4f 09 c0 a8 24 20 c0 a8 
24 1e 79 ad 00 00 01 01 08 0a 00 00 00 00 00 00 
00 00 00 00 00 00 00 00 00 00 00 00 

00 04 75 8d 49 c7 00 aa 00 30 91 09 08 00 45 00 
00 1c 02 42 20 01 80 06 4f 0a c0 a8 24 20 c0 a8 
24 1e 5a fa 92 f7 80 10 44 0f 00 00 00 00 00 00 
00 00 00 00 00 00 00 00 00 00 00 00 

00 04 75 8d 49 c7 00 aa 00 30 91 09 08 00 45 00 
00 1c 02 42 20 02 80 06 4f 09 c0 a8 24 20 c0 a8 
24 1e 79 ad 00 00 01 01 08 0a 00 00 00 00 00 00 
00 00 00 00 00 00 00 00 00 00 00 00 

00 04 75 8d 49 c7 00 aa 00 30 91 09 08 00 45 00 
00 1c 02 42 00 03 80 06 6f 08 c0 a8 24 20 c0 a8 
24 1e 00 00 38 0b 00 09 60 9e 00 00 00 00 00 00 
00 00 00 00 00 00 00 00 00 00 00 00 

00 04 75 8d 49 c7 00 aa 00 30 91 09 08 00 45 00 
00 1c 02 43 20 00 80 06 4f 0a c0 a8 24 20 c0 a8 
24 1e 04 24 00 14 ca a8 99 ec 00 00 00 00 00 00 
00 00 00 00 00 00 00 00 00 00 00 00 

00 04 75 8d 49 c7 00 aa 00 30 91 09 08 00 45 00 
00 1c 02 43 20 02 80 06 4f 08 c0 a8 24 20 c0 a8 
24 1e 79 ac 00 00 01 01 08 0a 00 00 00 00 00 00 
00 00 00 00 00 00 00 00 00 00 00 00 

00 04 75 8d 49 c7 00 aa 00 30 91 09 08 00 45 00 
00 1c 02 43 20 01 80 06 4f 09 c0 a8 24 20 c0 a8 
24 1e 5a fa 92 f7 80 11 44 0f 00 00 00 00 00 00 
00 00 00 00 00 00 00 00 00 00 00 00 

00 04 75 8d 49 c7 00 aa 00 30 91 09 08 00 45 00 
00 1c 02 43 20 02 80 06 4f 08 c0 a8 24 20 c0 a8 
24 1e 79 ac 00 00 01 01 08 0a 00 00 00 00 00 00 
00 00 00 00 00 00 00 00 00 00 00 00 

00 04 75 8d 49 c7 00 aa 00 30 91 09 08 00 45 00 
00 1c 02 43 00 03 80 06 6f 07 c0 a8 24 20 c0 a8 
24 1e 00 00 38 0b 00 09 60 9e 00 00 00 00 00 00 
00 00 00 00 00 00 00 00 00 00 00 00 

00 aa 00 30 91 0d 00 04 75 8d 49 c7 08 00 45 00 
00 34 f2 20 40 00 40 06 7f 14 c0 a8 24 1e c0 a8 
24 20 00 14 04 24 5a fa 92 f7 ca a8 99 ed 80 10 
16 d0 a6 d5 00 00 01 01 08 0a 00 09 60 b4 00 00 
38 0b 

00 04 75 8d 49 c7 00 aa 00 30 91 09 08 00 45 00 
00 1c 02 44 20 00 80 06 4f 09 c0 a8 24 20 c0 a8 
24 1e 04 22 00 15 ca 3a 58 23 00 00 00 00 00 00 
00 00 00 00 00 00 00 00 00 00 00 00 

00 04 75 8d 49 c7 00 aa 00 30 91 09 08 00 45 00 
00 1c 02 44 20 01 80 06 4f 08 c0 a8 24 20 c0 a8 
24 1e 58 b7 ec b9 50 10 3f 7c 00 00 00 00 00 00 
00 00 00 00 00 00 00 00 00 00 00 00 

00 04 75 8d 49 c7 00 aa 00 30 91 09 08 00 45 00 
00 1c 02 44 20 01 80 06 4f 08 c0 a8 24 20 c0 a8 
24 1e 58 b7 ec b9 50 10 3f 7c 00 00 00 00 00 00 
00 00 00 00 00 00 00 00 00 00 00 00 

00 04 75 8d 49 c7 00 aa 00 30 91 09 08 00 45 00 
00 18 02 44 00 02 80 06 6f 0b c0 a8 24 20 c0 a8 
24 1e 3a c3 00 00 00 00 00 00 00 00 00 00 00 00 
00 00 00 00 00 00 00 00 00 00 00 00 

00 aa 00 30 91 0d 00 04 75 8d 49 c7 08 00 45 00 
00 40 c6 06 40 00 40 06 ab 22 c0 a8 24 1e c0 a8 
24 20 00 15 04 22 58 b7 ec b9 ca 3a 58 23 50 18 
16 d0 94 59 00 00 32 32 36 20 54 72 61 6e 73 66 
65 72 20 63 6f 6d 70 6c 65 74 65 2e 0d 0a 

00 04 75 8d 49 c7 00 aa 00 30 91 09 08 00 45 00 
00 1c 02 45 20 00 80 06 4f 08 c0 a8 24 20 c0 a8 
24 1e 04 22 00 15 ca 3a 58 23 00 00 00 00 00 00 
00 00 00 00 00 00 00 00 00 00 00 00 

00 04 75 8d 49 c7 00 aa 00 30 91 09 08 00 45 00 
00 1c 02 45 20 02 80 06 4f 06 c0 a8 24 20 c0 a8 
24 1e 68 c9 00 00 54 59 50 45 00 00 00 00 00 00 
00 00 00 00 00 00 00 00 00 00 00 00 

00 04 75 8d 49 c7 00 aa 00 30 91 09 08 00 45 00 
00 1c 02 45 20 01 80 06 4f 07 c0 a8 24 20 c0 a8 
24 1e 58 b7 ec d1 50 18 3f 64 00 00 00 00 00 00 
00 00 00 00 00 00 00 00 00 00 00 00 

00 04 75 8d 49 c7 00 aa 00 30 91 09 08 00 45 00 
00 1c 02 45 20 02 80 06 4f 06 c0 a8 24 20 c0 a8 
24 1e 68 c9 00 00 54 59 50 45 00 00 00 00 00 00 
00 00 00 00 00 00 00 00 00 00 00 00 

00 04 75 8d 49 c7 00 aa 00 30 91 09 08 00 45 00 
00 18 02 45 00 03 80 06 6f 09 c0 a8 24 20 c0 a8 
24 1e 20 41 0d 0a 00 00 00 00 00 00 00 00 00 00 
00 00 00 00 00 00 00 00 00 00 00 00 

00 aa 00 30 91 0d 00 04 75 8d 49 c7 08 00 45 00 
00 28 c6 07 40 00 40 06 ab 39 c0 a8 24 1e c0 a8 
24 20 00 15 04 22 58 b7 ec d1 ca 3a 58 2b 50 10 
16 d0 63 4f 00 00 00 00 00 00 00 00 

00 aa 00 30 91 0d 00 04 75 8d 49 c7 08 00 45 00 
00 3c c6 08 40 00 40 06 ab 24 c0 a8 24 1e c0 a8 
24 20 00 15 04 22 58 b7 ec d1 ca 3a 58 2b 50 18 
16 d0 d8 4f 00 00 32 30 30 20 54 79 70 65 20 73 
65 74 20 74 6f 20 41 2e 0d 0a 

00 04 75 8d 49 c7 00 aa 00 30 91 09 08 00 45 00 
00 1c 02 46 20 00 80 06 4f 07 c0 a8 24 20 c0 a8 
24 1e 04 22 00 15 ca 3a 58 2b 00 00 00 00 00 00 
00 00 00 00 00 00 00 00 00 00 00 00 

00 04 75 8d 49 c7 00 aa 00 30 91 09 08 00 45 00 
00 1c 02 46 20 01 80 06 4f 06 c0 a8 24 20 c0 a8 
24 1e 58 b7 ec e5 50 10 3f 50 00 00 00 00 00 00 
00 00 00 00 00 00 00 00 00 00 00 00 

00 04 75 8d 49 c7 00 aa 00 30 91 09 08 00 45 00 
00 1c 02 46 20 01 80 06 4f 06 c0 a8 24 20 c0 a8 
24 1e 58 b7 ec e5 50 10 3f 50 00 00 00 00 00 00 
00 00 00 00 00 00 00 00 00 00 00 00 

00 04 75 8d 49 c7 00 aa 00 30 91 09 08 00 45 00 
00 18 02 46 00 02 80 06 6f 09 c0 a8 24 20 c0 a8 
24 1e 3a bb 00 00 00 00 00 00 00 00 00 00 00 00 
00 00 00 00 00 00 00 00 00 00 00 00 

00 04 75 8d 49 c7 00 aa 00 30 91 09 08 00 45 00 
00 1c 02 47 20 00 80 06 4f 06 c0 a8 24 20 c0 a8 
24 1e 04 22 00 15 ca 3a 58 2b 00 00 00 00 00 00 
00 00 00 00 00 00 00 00 00 00 00 00 

00 04 75 8d 49 c7 00 aa 00 30 91 09 08 00 45 00 
00 1c 02 47 20 02 80 06 4f 04 c0 a8 24 20 c0 a8 
24 1e ad 23 00 00 50 4f 52 54 00 00 00 00 00 00 
00 00 00 00 00 00 00 00 00 00 00 00 

00 04 75 8d 49 c7 00 aa 00 30 91 09 08 00 45 00 
00 1c 02 47 20 01 80 06 4f 05 c0 a8 24 20 c0 a8 
24 1e 58 b7 ec e5 50 18 3f 50 00 00 00 00 00 00 
00 00 00 00 00 00 00 00 00 00 00 00 

00 04 75 8d 49 c7 00 aa 00 30 91 09 08 00 45 00 
00 1c 02 47 20 03 80 06 4f 03 c0 a8 24 20 c0 a8 
24 1e 20 31 39 32 2c 31 36 38 00 00 00 00 00 00 
00 00 00 00 00 00 00 00 00 00 00 00 

00 04 75 8d 49 c7 00 aa 00 30 91 09 08 00 45 00 
00 1c 02 47 20 04 80 06 4f 02 c0 a8 24 20 c0 a8 
24 1e 2c 33 36 2c 33 32 2c 34 00 00 00 00 00 00 
00 00 00 00 00 00 00 00 00 00 00 00 

00 04 75 8d 49 c7 00 aa 00 30 91 09 08 00 45 00 
00 1c 02 47 20 04 80 06 4f 02 c0 a8 24 20 c0 a8 
24 1e 2c 33 36 2c 33 32 2c 34 00 00 00 00 00 00 
00 00 00 00 00 00 00 00 00 00 00 00 

00 04 75 8d 49 c7 00 aa 00 30 91 09 08 00 45 00 
00 19 02 47 00 05 80 06 6f 04 c0 a8 24 20 c0 a8 
24 1e 2c 33 37 0d 0a 00 00 00 00 00 00 00 00 00 
00 00 00 00 00 00 00 00 00 00 00 00 

00 aa 00 30 91 0d 00 04 75 8d 49 c7 08 00 45 00 
00 46 c6 09 40 00 40 06 ab 19 c0 a8 24 1e c0 a8 
24 20 00 15 04 22 58 b7 ec e5 ca 3a 58 44 50 18 
16 d0 a6 14 00 00 32 30 30 20 50 4f 52 54 20 63 
6f 6d 6d 61 6e 64 20 73 75 63 63 65 73 73 66 75 
6c 2e 0d 0a 

00 04 75 8d 49 c7 00 aa 00 30 91 09 08 00 45 00 
00 1c 02 48 20 00 80 06 4f 05 c0 a8 24 20 c0 a8 
24 1e 04 22 00 15 ca 3a 58 44 00 00 00 00 00 00 
00 00 00 00 00 00 00 00 00 00 00 00 

00 04 75 8d 49 c7 00 aa 00 30 91 09 08 00 45 00 
00 1c 02 48 20 02 80 06 4f 03 c0 a8 24 20 c0 a8 
24 1e f1 c8 00 00 52 45 54 52 00 00 00 00 00 00 
00 00 00 00 00 00 00 00 00 00 00 00 

00 04 75 8d 49 c7 00 aa 00 30 91 09 08 00 45 00 
00 1c 02 48 20 01 80 06 4f 04 c0 a8 24 20 c0 a8 
24 1e 58 b7 ed 03 50 18 3f 32 00 00 00 00 00 00 
00 00 00 00 00 00 00 00 00 00 00 00 

00 04 75 8d 49 c7 00 aa 00 30 91 09 08 00 45 00 
00 1c 02 48 20 03 80 06 4f 02 c0 a8 24 20 c0 a8 
24 1e 20 63 61 74 74 76 2e 6a 00 00 00 00 00 00 
00 00 00 00 00 00 00 00 00 00 00 00 

00 04 75 8d 49 c7 00 aa 00 30 91 09 08 00 45 00 
00 18 02 48 00 04 80 06 6f 05 c0 a8 24 20 c0 a8 
24 1e 70 67 0d 0a 00 00 00 00 00 00 00 00 00 00 
00 00 00 00 00 00 00 00 00 00 00 00 

00 04 75 8d 49 c7 00 aa 00 30 91 09 08 00 45 00 
00 1c 02 48 20 03 80 06 4f 02 c0 a8 24 20 c0 a8 
24 1e 20 63 61 74 74 76 2e 6a 00 00 00 00 00 00 
00 00 00 00 00 00 00 00 00 00 00 00 

00 aa 00 30 91 0d 00 04 75 8d 49 c7 08 00 45 00 
00 3c 15 32 40 00 40 06 5b fb c0 a8 24 1e c0 a8 
24 20 00 14 04 25 5b 58 76 25 00 00 00 00 a0 02 
16 d0 2e d1 00 00 02 04 05 b4 04 02 08 0a 00 09 
63 17 00 00 00 00 01 03 03 00 

00 aa 00 30 91 0d 00 04 75 8d 49 c7 08 00 45 00 
00 28 c6 0a 40 00 40 06 ab 36 c0 a8 24 1e c0 a8 
24 20 00 15 04 22 58 b7 ed 03 ca 3a 58 54 50 10 
16 d0 62 f4 00 00 00 00 00 00 00 00 

00 04 75 8d 49 c7 00 aa 00 30 91 09 08 00 45 00 
00 1c 02 49 20 00 80 06 4f 04 c0 a8 24 20 c0 a8 
24 1e 04 25 00 14 ca ae 05 b4 00 00 00 00 00 00 
00 00 00 00 00 00 00 00 00 00 00 00 

00 04 75 8d 49 c7 00 aa 00 30 91 09 08 00 45 00 
00 1c 02 49 20 02 80 06 4f 02 c0 a8 24 20 c0 a8 
24 1e 81 d7 00 00 02 04 05 b4 00 00 00 00 00 00 
00 00 00 00 00 00 00 00 00 00 00 00 

00 04 75 8d 49 c7 00 aa 00 30 91 09 08 00 45 00 
00 1c 02 49 20 01 80 06 4f 03 c0 a8 24 20 c0 a8 
24 1e 5b 58 76 26 b0 12 44 70 00 00 00 00 00 00 
00 00 00 00 00 00 00 00 00 00 00 00 

00 04 75 8d 49 c7 00 aa 00 30 91 09 08 00 45 00 
00 1c 02 49 20 03 80 06 4f 01 c0 a8 24 20 c0 a8 
24 1e 01 03 03 00 01 01 08 0a 00 00 00 00 00 00 
00 00 00 00 00 00 00 00 00 00 00 00 

00 04 75 8d 49 c7 00 aa 00 30 91 09 08 00 45 00 
00 1c 02 49 20 04 80 06 4f 00 c0 a8 24 20 c0 a8 
24 1e 00 00 00 00 00 00 00 00 00 00 00 00 00 00 
00 00 00 00 00 00 00 00 00 00 00 00 

00 04 75 8d 49 c7 00 aa 00 30 91 09 08 00 45 00 
00 1c 02 49 20 04 80 06 4f 00 c0 a8 24 20 c0 a8 
24 1e 00 00 00 00 00 00 00 00 00 00 00 00 00 00 
00 00 00 00 00 00 00 00 00 00 00 00 

00 04 75 8d 49 c7 00 aa 00 30 91 09 08 00 45 00 
00 18 02 49 00 05 80 06 6f 03 c0 a8 24 20 c0 a8 
24 1e 01 01 04 02 00 00 00 00 00 00 00 00 00 00 
00 00 00 00 00 00 00 00 00 00 00 00 

00 aa 00 30 91 0d 00 04 75 8d 49 c7 08 00 45 00 
00 34 15 33 40 00 40 06 5c 02 c0 a8 24 1e c0 a8 
24 20 00 14 04 25 5b 58 76 26 ca ae 05 b5 80 10 
16 d0 8d 0c 00 00 01 01 08 0a 00 09 63 2d 00 00 
00 00 

00 aa 00 30 91 0d 00 04 75 8d 49 c7 08 00 45 00 
00 6c c6 0b 40 00 40 06 aa f1 c0 a8 24 1e c0 a8 
24 20 00 15 04 22 58 b7 ed 03 ca 3a 58 54 50 18 
16 d0 00 35 00 00 31 35 30 20 4f 70 65 6e 69 6e 
67 20 41 53 43 49 49 20 6d 6f 64 65 20 64 61 74 
61 20 63 6f 6e 6e 65 63 74 69 6f 6e 20 66 6f 72 
20 63 61 74 74 76 2e 6a 70 67 20 28 31 39 32 31 
20 62 79 74 65 73 29 2e 0d 0a 

00 aa 00 30 91 0d 00 04 75 8d 49 c7 08 00 45 00 
05 dc 15 34 40 00 40 06 56 59 c0 a8 24 1e c0 a8 
24 20 00 14 04 25 5b 58 76 26 ca ae 05 b5 80 10 
16 d0 62 21 00 00 01 01 08 0a 00 09 63 2d 00 00 
00 00 ff d8 ff e0 00 10 4a 46 49 46 00 01 02 00 
00 64 00 64 00 00 ff ec 00 11 44 75 63 6b 79 00 
01 00 04 00 00 00 1e 00 00 ff ee 00 0e 41 64 6f 
62 65 00 64 c0 00 00 00 01 ff db 00 84 00 10 0b 
0b 0b 0c 0b 10 0c 0c 10 17 0f 0d 0f 17 1b 14 10 
10 14 1b 1f 17 17 17 17 17 1f 1e 17 1a 1a 1a 1a 
17 1e 1e 23 25 27 25 23 1e 2f 2f 33 33 2f 2f 40 
40 40 40 40 40 40 40 40 40 40 40 40 40 40 01 11 
0f 0f 11 13 11 15 12 12 15 14 11 14 11 14 1a 14 
16 16 14 1a 26 1a 1a 1c 1a 1a 26 30 23 1e 1e 1e 
1e 23 30 2b 2e 27 27 27 2e 2b 35 35 30 30 35 35 
40 40 3f 40 40 40 40 40 40 40 40 40 40 40 40 ff 
c0 00 11 08 00 46 00 46 03 01 22 00 02 11 01 03 
11 01 ff c4 00 9c 00 00 03 01 01 01 01 00 00 00 
00 00 00 00 00 00 00 00 05 06 04 02 01 03 01 00 
03 01 01 01 00 00 00 00 00 00 00 00 00 00 00 02 
03 04 05 00 01 10 00 01 02 04 03 06 01 07 0c 03 
00 00 00 00 00 00 01 02 03 00 11 04 05 21 12 13 
31 41 51 61 22 06 14 71 91 32 42 23 33 b3 81 a1 
b1 d1 62 82 b2 74 84 15 25 35 f0 c2 83 11 00 01 
03 02 03 04 06 08 07 00 00 00 00 00 00 00 01 00 
11 02 12 03 21 31 41 51 81 13 04 f0 61 32 42 82 
c2 71 a1 c1 22 62 a2 83 c3 91 d1 e1 72 33 63 a3 
ff da 00 0c 03 01 00 02 11 03 11 00 3f 00 4d 65 
b3 5b aa ad ed 3c fb 39 dc 5e 6c ca cc b1 b1 4a 
03 04 a8 70 8f b2 fb 7d 91 30 cd 0d 0a 1c f6 9b 
54 ea c0 d2 e5 27 06 31 a3 b6 ff 00 a9 63 ef fe 
35 43 94 c6 65 cb b7 23 72 6d 23 da 38 39 55 c6 
11 31 8e 03 21 a2 9e 67 b7 52 e3 6f 25 ca 16 9b 
75 28 f6 4a d4 77 29 70 ee f7 87 67 1e 63 81 8e 
91 db 49 d4 69 2a a2 6c 33 81 71 65 c5 95 cb 3e 
22 41 cc be 84 3c ad 7a a9 9a 65 39 4a d0 75 c4 
fa a7 87 90 6d 89 c7 3b b6 e2 92 12 58 69 0d 0a 
e3 d4 7e 93 05 6e 57 ee 39 89 f9 8e 1e b4 32 16 
e2 ce 3d 4b b5 76 cb a8 53 85 34 8c 38 91 3d 24 
97 1d 49 32 32 19 ba f7 8c 7e 68 e4 f6 eb 99 b2 
f8 26 44 89 54 f5 1c ea 4c 95 24 fb c3 29 99 46 
77 3b 96 e4 a5 66 d5 08 1c 12 91 2f 9e 71 a2 8e 
ff 00 75 d3 5d 42 9b 43 ad 20 8c ea 57 49 3c 86 
58 75 1c cb 67 13 e2 28 44 ac f5 fe 01 0f 58 0b 
2d 09 5b db 75 7d 23 a5 c7 27 b3 a8 cb 52 5b 63 
eb 51 da cd 05 ad 54 ed 20 a7 a4 21 2b 52 f7 85 
05 1c 15 ea 99 1e 71 41 48 f2 2a 59 45 42 67 27 
52 14 01 da 27 ba 3e e5 31 37 1e e8 2c e5 c6 78 
94 ca 21 b1 4a d5 d8 ad cd 5c ad f4 c8 6a 48 a8 
0f 6a 75 2b ab 22 02 93 eb 71 82 1a 5c 13 fc e5 
a0 7e 67 e1 88 20 f8 93 a1 ea 97 f1 3e 7a d6 c8 
29 8d 59 0e d7 95 47 d3 d4 bc 9a 50 da 5e 74 65 
27 2b 68 c1 00 12 49 9a a7 c7 94 3e ed 77 de d6 
75 97 9c 2a ce 90 a4 82 67 22 21 15 11 01 82 44 
83 89 21 48 3b f6 ec 86 34 35 05 ab 93 4e 93 3d 
49 66 33 e3 87 d1 16 5e 80 95 b9 00 31 67 4b 83 
82 24 4e 0e ca c4 99 61 10 97 4a 52 dd 6d 42 52 
32 e4 51 20 72 38 c5 c0 33 00 c4 fd dc db d5 73 
49 7d d5 b4 9c a1 2f 2d 12 26 5e 4e 51 27 26 4f 
10 8d a1 36 f7 65 fa d4 fb 94 6f 32 ea 9a 78 64 
28 96 69 fd a1 99 3e 71 1d 87 9f c8 5a 40 19 4a 
72 12 30 9e 33 99 e2 62 aa ed 4c c5 cf c2 d5 59 
dd 43 eb c8 86 1d 53 82 45 21 03 07 15 39 4f 0d 
b1 3e f2 1b a4 a8 53 48 25 e5 03 ef 8e 02 7b c8 
4f d7 1a 4c ca 50 5d 58 5b 02 45 0b 29 49 9e 54 
04 9f 28 18 c6 d0 21 5d 85 41 56 e6 95 b4 99 ce 
7c 67 0d 86 c8 c7 b8 1a 72 fd c5 57 13 80 f4 24 
f7 11 fc f5 9f f5 5f 0c 41 1e dc 7f bf b3 fe ab 
e1 88 20 db dc fa 5f 71 79 de f1 79 54 45 38 75 
0d 25 69 41 50 29 24 90 26 00 cc 44 cf 9a 3d 0f 
ac a9 24 1c 53 e8 ff 00 82 1e 76 dd 63 b4 d4 88 
48 42 96 5c cc 10 94 cb a9 24 90 a2 27 b6 5c 21 
d5 cd 84 53 d2 f8 ca 66 42 54 b9 67 12 09 ca 4f 
ac 63 44 93 49 31 15 e2 cc 91 a8 04 b6 a1 63 7a 
e8 1b b7 21 f9 e5 5a d0 08 49 db 33 b6 16 5a ac 
af 77 0b 8f 2d 0f 06 82 08 2b 51 05 46 6a e0 04 
30 a1 a1 a0 ac 5e 8d 72 89 5b 98 95 13 bf 92 81 
c2 1d da bb 75 8b 6b ce 39 47 58 a4 07 3d 42 41 
12 1c 78 c7 59 e5 c5 b7 d6 ae 8c bc b9 7a ac 36 
2c b6 de d7 6a 86 9a a6 8a aa a1 05 ca 89 16 dc 
49 ca a0 13 b3 a5 5b 24 62 42 bd 97 a8 ab 5d a7 
71 41 65 0d 0a 96 6d ca 07 62 a2 ae f9 db 37 5a 
aa 83 54 c5 5e a8 38 e4 51 29 29 3f 64 c4 65 40 
7c be 50 fc cb c8 39 14 37 82 0e 30 c9 64 82 39 
bb aa de d9 78 aa 91 4d a8 e0 da cc bc 8a c6 1e 
cf 01 12 5d bf 58 86 94 ba 65 60 a5 75 24 ee d9 
b2 2a 10 b9 a5 27 94 65 73 11 6b 92 c3 3c 55 76 
cb c4 25 f7 19 7e fd 67 fd 57 c3 10 47 17 15 7f 
3b 68 3f 99 f8 62 08 ee e7 d2 fb 8b bb de 2f 2a 
55 63 6c 39 6b 60 1c 08 2a 29 23 68 21 6a 91 11 
b3 b8 ae 4a 36 74 d2 90 52 e9 50 cc a1 80 21 3c 
0f 38 c9 60 fe b9 9f bd f8 d5 0d d4 c3 35 0d e9 
bc 80 e2 36 e5 3c 61 c2 f1 b7 72 7a c4 c8 b8 42 
60 25 18 ed 00 28 94 54 b8 96 93 95 45 24 12 9c 
0c a6 23 ec dd 5b f3 cd aa 49 

00 aa 00 30 91 0d 00 04 75 8d 49 c7 08 00 45 00 
02 12 15 35 40 00 40 06 5a 22 c0 a8 24 1e c0 a8 
24 20 00 14 04 25 5b 58 7b ce ca ae 05 b5 80 18 
16 d0 f8 ba 00 00 01 01 08 0a 00 09 63 2d 00 00 
00 00 48 9c 89 3e 61 14 d5 f6 bb 6f 85 2a 5b 41 
09 6c 74 e5 c3 9f cf 11 ab 90 59 cb 82 66 64 39 
45 36 af 0b 80 90 08 64 a9 42 9c d5 65 83 b8 ee 
75 15 ec 5b dd 74 29 a7 0e 5c ca 94 c0 96 e3 c6 
1d d6 76 95 94 b6 b7 82 1c 43 a2 6a 2e 67 27 31 
da 49 cd c6 21 da b5 dc 9b 65 bb 83 49 20 7b c4 
a9 3e 92 64 70 54 3a 15 7d c1 77 61 2d 3c a2 a6 
04 8a 88 01 01 79 76 63 bf 9c 34 5c 81 05 e4 30 
28 0c 0b e0 33 5a 58 b1 dc 29 2b 3c 62 50 c2 db 
07 a5 b7 31 98 f2 11 14 f4 2f 50 55 a7 4d ca 70 
cb a9 f4 90 26 00 85 55 0f b8 b6 5a c3 2b ed a4 
4d 69 24 26 72 c4 4b 84 2d a2 b9 3a cd c8 6b 2f 
2a 01 eb 29 04 cf e5 c4 c2 ab b5 29 b6 13 dc e1 
18 84 c4 5c fb a9 cd da 96 8d 3d c9 61 4a 53 ec 
d7 e3 33 e2 77 34 99 41 19 ee b5 0c fe f7 62 7e 
63 48 0d 0a c3 39 ee d2 4c 10 de 1c 32 a6 3b 32 
d3 34 ba e5 b4 a9 4b 4d 45 7a 28 9a 4b 34 7a cd 
8c d2 5e aa 53 3e a3 b8 c3 46 eb 6f 03 65 b2 7f 
f7 47 d5 04 11 05 ca 6a 93 f0 f3 39 d7 ec 55 45 
d8 76 b2 ea 59 2f 15 57 87 69 e4 ba 2f 0e df ac 
ad 54 b9 3f 34 a2 75 0d 0a 92 c1 5a 33 00 71 4e 
69 4f e5 c6 08 22 8b 0d c3 c2 96 f8 1f db 8a 55 
c7 ab 5d ea d5 ab 85 e3 49 3a 76 81 a7 21 96 55 
2d ca 52 c3 74 7b fb 85 ee 5d 36 91 2d d2 a9 6f 
ea 82 08 88 d1 fd 5f e8 9c 2a f8 fe 55 c1 af bb 
4f da 5a 49 e4 2a 5b 1f eb 1e ae e5 5d a6 a0 ab 
32 00 de 7c 53 53 fc 33 82 08 af 97 66 2d c2 f0 
bb ef 74 ab ba 3d 7b ff 00 45 8a ba b2 e4 aa bb 
5a 9c b7 69 96 d3 51 a2 8d 74 2b 54 29 00 2b 10 
3a 72 8c 71 db 04 10 45 3f 92 46 0d d3 6a ff d9 


00 aa 00 30 91 0d 00 04 75 8d 49 c7 08 00 45 00 
00 34 15 36 40 00 40 06 5b ff c0 a8 24 1e c0 a8 
24 20 00 14 04 25 5b 58 7d ac ca ae 05 b5 80 11 
16 d0 85 85 00 00 01 01 08 0a 00 09 63 2d 00 00 
00 00 

00 04 75 8d 49 c7 00 aa 00 30 91 09 08 00 45 00 
00 1c 02 4a 20 00 80 06 4f 03 c0 a8 24 20 c0 a8 
24 1e 04 25 00 14 ca ae 05 b5 00 00 00 00 00 00 
00 00 00 00 00 00 00 00 00 00 00 00 

00 04 75 8d 49 c7 00 aa 00 30 91 09 08 00 45 00 
00 1c 02 4a 20 02 80 06 4f 01 c0 a8 24 20 c0 a8 
24 1e 1f cf 00 00 01 01 08 0a 00 00 00 00 00 00 
00 00 00 00 00 00 00 00 00 00 00 00 

00 04 75 8d 49 c7 00 aa 00 30 91 09 08 00 45 00 
00 1c 02 4a 20 01 80 06 4f 02 c0 a8 24 20 c0 a8 
24 1e 5b 58 7d ac 80 10 44 70 00 00 00 00 00 00 
00 00 00 00 00 00 00 00 00 00 00 00 

00 04 75 8d 49 c7 00 aa 00 30 91 09 08 00 45 00 
00 1c 02 4a 20 02 80 06 4f 01 c0 a8 24 20 c0 a8 
24 1e 1f cf 00 00 01 01 08 0a 00 00 00 00 00 00 
00 00 00 00 00 00 00 00 00 00 00 00 

00 04 75 8d 49 c7 00 aa 00 30 91 09 08 00 45 00 
00 1c 02 4a 00 03 80 06 6f 00 c0 a8 24 20 c0 a8 
24 1e 00 00 38 17 00 09 63 2d 00 00 00 00 00 00 
00 00 00 00 00 00 00 00 00 00 00 00 

00 04 75 8d 49 c7 00 aa 00 30 91 09 08 00 45 00 
00 1c 02 4b 20 00 80 06 4f 02 c0 a8 24 20 c0 a8 
24 1e 04 25 00 14 ca ae 05 b5 00 00 00 00 00 00 
00 00 00 00 00 00 00 00 00 00 00 00 

00 04 75 8d 49 c7 00 aa 00 30 91 09 08 00 45 00 
00 1c 02 4b 20 02 80 06 4f 00 c0 a8 24 20 c0 a8 
24 1e 1f ce 00 00 01 01 08 0a 00 00 00 00 00 00 
00 00 00 00 00 00 00 00 00 00 00 00 

00 04 75 8d 49 c7 00 aa 00 30 91 09 08 00 45 00 
00 1c 02 4b 20 01 80 06 4f 01 c0 a8 24 20 c0 a8 
24 1e 5b 58 7d ad 80 10 44 70 00 00 00 00 00 00 
00 00 00 00 00 00 00 00 00 00 00 00 

00 04 75 8d 49 c7 00 aa 00 30 91 09 08 00 45 00 
00 1c 02 4b 20 02 80 06 4f 00 c0 a8 24 20 c0 a8 
24 1e 1f ce 00 00 01 01 08 0a 00 00 00 00 00 00 
00 00 00 00 00 00 00 00 00 00 00 00 

00 04 75 8d 49 c7 00 aa 00 30 91 09 08 00 45 00 
00 1c 02 4b 00 03 80 06 6e ff c0 a8 24 20 c0 a8 
24 1e 00 00 38 17 00 09 63 2d 00 00 00 00 00 00 
00 00 00 00 00 00 00 00 00 00 00 00 

00 04 75 8d 49 c7 00 aa 00 30 91 09 08 00 45 00 
00 1c 02 4c 20 00 80 06 4f 01 c0 a8 24 20 c0 a8 
24 1e 04 25 00 14 ca ae 05 b5 00 00 00 00 00 00 
00 00 00 00 00 00 00 00 00 00 00 00 

00 04 75 8d 49 c7 00 aa 00 30 91 09 08 00 45 00 
00 1c 02 4c 20 02 80 06 4e ff c0 a8 24 20 c0 a8 
24 1e 1f cd 00 00 01 01 08 0a 00 00 00 00 00 00 
00 00 00 00 00 00 00 00 00 00 00 00 

00 04 75 8d 49 c7 00 aa 00 30 91 09 08 00 45 00 
00 1c 02 4c 20 01 80 06 4f 00 c0 a8 24 20 c0 a8 
24 1e 5b 58 7d ad 80 11 44 70 00 00 00 00 00 00 
00 00 00 00 00 00 00 00 00 00 00 00 

00 04 75 8d 49 c7 00 aa 00 30 91 09 08 00 45 00 
00 1c 02 4c 20 02 80 06 4e ff c0 a8 24 20 c0 a8 
24 1e 1f cd 00 00 01 01 08 0a 00 00 00 00 00 00 
00 00 00 00 00 00 00 00 00 00 00 00 

00 04 75 8d 49 c7 00 aa 00 30 91 09 08 00 45 00 
00 1c 02 4c 00 03 80 06 6e fe c0 a8 24 20 c0 a8 
24 1e 00 00 38 17 00 09 63 2d 00 00 00 00 00 00 
00 00 00 00 00 00 00 00 00 00 00 00 

00 aa 00 30 91 0d 00 04 75 8d 49 c7 08 00 45 00 
00 34 15 37 40 00 40 06 5b fe c0 a8 24 1e c0 a8 
24 20 00 14 04 25 5b 58 7d ad ca ae 05 b6 80 10 
16 d0 4d 57 00 00 01 01 08 0a 00 09 63 43 00 00 
38 17 

00 04 75 8d 49 c7 00 aa 00 30 91 09 08 00 45 00 
00 1c 02 4d 20 00 80 06 4f 00 c0 a8 24 20 c0 a8 
24 1e 04 22 00 15 ca 3a 58 54 00 00 00 00 00 00 
00 00 00 00 00 00 00 00 00 00 00 00 

00 04 75 8d 49 c7 00 aa 00 30 91 09 08 00 45 00 
00 1c 02 4d 20 01 80 06 4e ff c0 a8 24 20 c0 a8 
24 1e 58 b7 ed 47 50 10 3e ee 00 00 00 00 00 00 
00 00 00 00 00 00 00 00 00 00 00 00 

00 04 75 8d 49 c7 00 aa 00 30 91 09 08 00 45 00 
00 1c 02 4d 20 01 80 06 4e ff c0 a8 24 20 c0 a8 
24 1e 58 b7 ed 47 50 10 3e ee 00 00 00 00 00 00 
00 00 00 00 00 00 00 00 00 00 00 00 

00 04 75 8d 49 c7 00 aa 00 30 91 09 08 00 45 00 
00 18 02 4d 00 02 80 06 6f 02 c0 a8 24 20 c0 a8 
24 1e 3a 92 00 00 00 00 00 00 00 00 00 00 00 00 
00 00 00 00 00 00 00 00 00 00 00 00 

00 aa 00 30 91 0d 00 04 75 8d 49 c7 08 00 45 00 
00 40 c6 0c 40 00 40 06 ab 1c c0 a8 24 1e c0 a8 
24 20 00 15 04 22 58 b7 ed 47 ca 3a 58 54 50 18 
16 d0 93 9a 00 00 32 32 36 20 54 72 61 6e 73 66 
65 72 20 63 6f 6d 70 6c 65 74 65 2e 0d 0a 

00 04 75 8d 49 c7 00 aa 00 30 91 09 08 00 45 00 
00 1c 02 4e 20 00 80 06 4e ff c0 a8 24 20 c0 a8 
24 1e 04 22 00 15 ca 3a 58 54 00 00 00 00 00 00 
00 00 00 00 00 00 00 00 00 00 00 00 

00 04 75 8d 49 c7 00 aa 00 30 91 09 08 00 45 00 
00 1c 02 4e 20 01 80 06 4e fe c0 a8 24 20 c0 a8 
24 1e 58 b7 ed 5f 50 10 3e d6 00 00 00 00 00 00 
00 00 00 00 00 00 00 00 00 00 00 00 

00 04 75 8d 49 c7 00 aa 00 30 91 09 08 00 45 00 
00 1c 02 4e 20 01 80 06 4e fe c0 a8 24 20 c0 a8 
24 1e 58 b7 ed 5f 50 10 3e d6 00 00 00 00 00 00 
00 00 00 00 00 00 00 00 00 00 00 00 

00 04 75 8d 49 c7 00 aa 00 30 91 09 08 00 45 00 
00 18 02 4e 00 02 80 06 6f 01 c0 a8 24 20 c0 a8 
24 1e 3a 92 00 00 00 00 00 00 00 00 00 00 00 00 
00 00 00 00 00 00 00 00 00 00 00 00 

00 04 75 8d 49 c7 00 aa 00 30 91 09 08 00 45 00 
00 1c 02 4f 20 00 80 06 4e fe c0 a8 24 20 c0 a8 
24 1e 04 22 00 15 ca 3a 58 54 00 00 00 00 00 00 
00 00 00 00 00 00 00 00 00 00 00 00 

00 04 75 8d 49 c7 00 aa 00 30 91 09 08 00 45 00 
00 1c 02 4f 20 02 80 06 4e fc c0 a8 24 20 c0 a8 
24 1e 92 d0 00 00 51 55 49 54 00 00 00 00 00 00 
00 00 00 00 00 00 00 00 00 00 00 00 

00 04 75 8d 49 c7 00 aa 00 30 91 09 08 00 45 00 
00 1c 02 4f 20 01 80 06 4e fd c0 a8 24 20 c0 a8 
24 1e 58 b7 ed 5f 50 18 3e d6 00 00 00 00 00 00 
00 00 00 00 00 00 00 00 00 00 00 00 

00 04 75 8d 49 c7 00 aa 00 30 91 09 08 00 45 00 
00 1c 02 4f 20 02 80 06 4e fc c0 a8 24 20 c0 a8 
24 1e 92 d0 00 00 51 55 49 54 00 00 00 00 00 00 
00 00 00 00 00 00 00 00 00 00 00 00 

00 04 75 8d 49 c7 00 aa 00 30 91 09 08 00 45 00 
00 16 02 4f 00 03 80 06 6f 01 c0 a8 24 20 c0 a8 
24 1e 0d 0a 00 00 00 00 00 00 00 00 00 00 00 00 
00 00 00 00 00 00 00 00 00 00 00 00 

00 aa 00 30 91 0d 00 04 75 8d 49 c7 08 00 45 00 
00 28 c6 0d 40 00 40 06 ab 33 c0 a8 24 1e c0 a8 
24 20 00 15 04 22 58 b7 ed 5f ca 3a 58 5a 50 10 
16 d0 62 92 00 00 00 00 00 00 00 00 

00 aa 00 30 91 0d 00 04 75 8d 49 c7 08 00 45 00 
00 59 c6 0e 40 00 40 06 ab 01 c0 a8 24 1e c0 a8 
24 20 00 15 04 22 58 b7 ed 5f ca 3a 58 5a 50 18 
16 d0 87 a8 00 00 32 32 31 2d 59 6f 75 20 68 61 
76 65 20 74 72 61 6e 73 66 65 72 72 65 64 20 31 
39 32 36 20 62 79 74 65 73 20 69 6e 20 31 20 66 
69 6c 65 73 2e 0d 0a 

00 aa 00 30 91 0d 00 04 75 8d 49 c7 08 00 45 00 
00 b6 c6 0f 40 00 40 06 aa a3 c0 a8 24 1e c0 a8 
24 20 00 15 04 22 58 b7 ed 90 ca 3a 58 5a 50 19 
16 d0 5c 48 00 00 32 32 31 2d 54 6f 74 61 6c 20 
74 72 61 66 66 69 63 20 66 6f 72 20 74 68 69 73 
20 73 65 73 73 69 6f 6e 20 77 61 73 20 33 37 34 
34 20 62 79 74 65 73 20 69 6e 20 33 20 74 72 61 
6e 73 66 65 72 73 2e 0d 0a 32 32 31 2d 54 68 61 
6e 6b 20 79 6f 75 20 66 6f 72 20 75 73 69 6e 67 
20 74 68 65 20 46 54 50 20 73 65 72 76 69 63 65 
20 6f 6e 20 6e 65 74 77 6f 72 6b 73 65 63 75 72 
69 74 79 2e 0d 0a 32 32 31 20 47 6f 6f 64 62 79 
65 2e 0d 0a 

00 04 75 8d 49 c7 00 aa 00 30 91 09 08 00 45 00 
00 1c 02 50 20 00 80 06 4e fd c0 a8 24 20 c0 a8 
24 1e 04 22 00 15 ca 3a 58 5a 00 00 00 00 00 00 
00 00 00 00 00 00 00 00 00 00 00 00 

00 04 75 8d 49 c7 00 aa 00 30 91 09 08 00 45 00 
00 1c 02 50 20 01 80 06 4e fc c0 a8 24 20 c0 a8 
24 1e 58 b7 ee 1f 50 10 44 70 00 00 00 00 00 00 
00 00 00 00 00 00 00 00 00 00 00 00 

00 04 75 8d 49 c7 00 aa 00 30 91 09 08 00 45 00 
00 1c 02 50 20 01 80 06 4e fc c0 a8 24 20 c0 a8 
24 1e 58 b7 ee 1f 50 10 44 70 00 00 00 00 00 00 
00 00 00 00 00 00 00 00 00 00 00 00 

00 04 75 8d 49 c7 00 aa 00 30 91 09 08 00 45 00 
00 18 02 50 00 02 80 06 6e ff c0 a8 24 20 c0 a8 
24 1e 34 32 00 00 00 00 00 00 00 00 00 00 00 00 
00 00 00 00 00 00 00 00 00 00 00 00 

00 04 75 8d 49 c7 00 aa 00 30 91 09 08 00 45 00 
00 1c 02 51 20 00 80 06 4e fc c0 a8 24 20 c0 a8 
24 1e 04 22 00 15 ca 3a 58 5a 00 00 00 00 00 00 
00 00 00 00 00 00 00 00 00 00 00 00 

00 04 75 8d 49 c7 00 aa 00 30 91 09 08 00 45 00 
00 1c 02 51 20 01 80 06 4e fb c0 a8 24 20 c0 a8 
24 1e 58 b7 ee 1f 50 11 44 70 00 00 00 00 00 00 
00 00 00 00 00 00 00 00 00 00 00 00 

00 04 75 8d 49 c7 00 aa 00 30 91 09 08 00 45 00 
00 1c 02 51 20 01 80 06 4e fb c0 a8 24 20 c0 a8 
24 1e 58 b7 ee 1f 50 11 44 70 00 00 00 00 00 00 
00 00 00 00 00 00 00 00 00 00 00 00 

00 04 75 8d 49 c7 00 aa 00 30 91 09 08 00 45 00 
00 18 02 51 00 02 80 06 6e fe c0 a8 24 20 c0 a8 
24 1e 34 31 00 00 00 00 00 00 00 00 00 00 00 00 
00 00 00 00 00 00 00 00 00 00 00 00 

00 aa 00 30 91 0d 00 04 75 8d 49 c7 08 00 45 00 
00 28 00 00 40 00 40 06 71 41 c0 a8 24 1e c0 a8 
24 20 00 15 04 22 58 b7 ee 1f ca 3a 58 5b 50 10 
16 d0 61 d1 00 00 00 00 00 00 00 00 
