00 04 75 8d 49 c7 00 aa 00 30 91 09 08 00 45 00 
00 18 02 52 00 03 80 06 6e fc c0 a8 24 20 c0 a8 
24 1e 01 01 04 02 00 00 00 00 00 00 00 00 00 00 
00 00 00 00 00 00 00 00 00 00 00 00 

00 04 75 8d 49 c7 00 aa 00 30 91 09 08 00 45 00 
00 1c 02 52 20 01 80 06 4e fa c0 a8 24 20 c0 a8 
24 1e 00 00 00 00 70 02 40 00 00 00 00 00 00 00 
00 00 00 00 00 00 00 00 00 00 00 00 

00 04 75 8d 49 c7 00 aa 00 30 91 09 08 00 45 00 
00 1c 02 52 20 02 80 06 4e f9 c0 a8 24 20 c0 a8 
24 1e 0e 72 00 00 02 04 05 b4 00 00 00 00 00 00 
00 00 00 00 00 00 00 00 00 00 00 00 

00 04 75 8d 49 c7 00 aa 00 30 91 09 08 00 45 00 
00 1c 02 52 20 00 80 06 4e fb c0 a8 24 20 c0 a8 
24 1e 04 26 00 15 cb 35 9b ad 00 00 00 00 00 00 
00 00 00 00 00 00 00 00 00 00 00 00 

00 aa 00 30 91 0d 00 04 75 8d 49 c7 08 00 45 00 
00 30 00 00 40 00 40 06 71 39 c0 a8 24 1e c0 a8 
24 20 00 15 04 26 5d c5 24 f1 cb 35 9b ae 70 12 
16 d0 b4 da 00 00 02 04 05 b4 01 01 04 02 

00 04 75 8d 49 c7 00 aa 00 30 91 09 08 00 45 00 
00 18 02 53 00 02 80 06 6e fc c0 a8 24 20 c0 a8 
24 1e b3 fe 00 00 00 00 00 00 00 00 00 00 00 00 
00 00 00 00 00 00 00 00 00 00 00 00 

00 04 75 8d 49 c7 00 aa 00 30 91 09 08 00 45 00 
00 1c 02 53 20 01 80 06 4e f9 c0 a8 24 20 c0 a8 
24 1e 5d c5 24 f2 50 10 44 70 00 00 00 00 00 00 
00 00 00 00 00 00 00 00 00 00 00 00 

00 04 75 8d 49 c7 00 aa 00 30 91 09 08 00 45 00 
00 1c 02 53 20 00 80 06 4e fa c0 a8 24 20 c0 a8 
24 1e 04 26 00 15 cb 35 9b ae 00 00 00 00 00 00 
00 00 00 00 00 00 00 00 00 00 00 00 

00 aa 00 30 91 0d 00 04 75 8d 49 c7 08 00 45 00 
00 74 94 62 40 00 40 06 dc 92 c0 a8 24 1e c0 a8 
24 20 00 15 04 26 5d c5 24 f2 cb 35 9b ae 50 18 
16 d0 34 a1 00 00 32 32 30 2d 2a 2a 2a 2a 57 65 
6c 63 6f 6d 65 20 74 6f 20 74 68 65 20 4e 65 74 
77 6f 72 6b 20 53 65 63 75 72 69 74 79 20 66 74 
70 20 73 65 72 76 65 72 2c 20 4c 6f 67 69 6e 20 
61 73 20 61 6e 6f 6e 79 6d 6f 75 73 2a 2a 2a 2a 
0d 0a 

00 04 75 8d 49 c7 00 aa 00 30 91 09 08 00 45 00 
00 18 02 54 00 02 80 06 6e fb c0 a8 24 20 c0 a8 
24 1e b3 fe 00 00 00 00 00 00 00 00 00 00 00 00 
00 00 00 00 00 00 00 00 00 00 00 00 

00 04 75 8d 49 c7 00 aa 00 30 91 09 08 00 45 00 
00 1c 02 54 20 01 80 06 4e f8 c0 a8 24 20 c0 a8 
24 1e 5d c5 25 3e 50 10 44 24 00 00 00 00 00 00 
00 00 00 00 00 00 00 00 00 00 00 00 

00 04 75 8d 49 c7 00 aa 00 30 91 09 08 00 45 00 
00 1c 02 54 20 00 80 06 4e f9 c0 a8 24 20 c0 a8 
24 1e 04 26 00 15 cb 35 9b ae 00 00 00 00 00 00 
00 00 00 00 00 00 00 00 00 00 00 00 

00 aa 00 30 91 0d 00 04 75 8d 49 c7 08 00 45 00 
03 50 94 63 40 00 40 06 d9 b5 c0 a8 24 1e c0 a8 
24 20 00 15 04 26 5d c5 25 3e cb 35 9b ae 50 18 
16 d0 be f3 00 00 32 32 30 2d 54 68 69 73 20 63 
6f 6d 70 75 74 65 72 20 73 79 73 74 65 6d 20 69 
6e 63 6c 75 64 69 6e 67 20 61 6c 6c 20 72 65 6c 
61 74 65 64 20 65 71 75 69 70 6d 65 6e 74 2c 20 
6e 65 74 77 6f 72 6b 73 2c 20 61 6e 64 0d 0a 32 
32 30 2d 6e 65 74 77 6f 72 6b 20 64 65 76 69 63 
65 73 2c 20 61 72 65 20 70 72 6f 76 69 64 65 64 
20 6f 6e 6c 79 20 66 6f 72 20 61 75 74 68 6f 72 
69 7a 65 64 20 75 73 65 2e 20 20 54 68 69 73 20 
63 6f 6d 70 75 74 65 72 0d 0a 32 32 30 2d 73 79 
73 74 65 6d 20 6d 61 79 20 62 65 20 6d 6f 6e 69 
74 6f 72 65 64 20 66 6f 72 20 61 6c 6c 20 6c 61 
77 66 75 6c 20 70 75 72 70 6f 73 65 73 2c 20 69 
6e 63 6c 75 64 69 6e 67 20 74 6f 20 65 6e 73 75 
72 65 20 74 68 61 74 0d 0a 32 32 30 2d 75 73 65 
20 69 73 20 61 75 74 68 6f 72 69 7a 65 64 2c 20 
66 6f 72 20 6d 61 6e 61 67 65 6d 65 6e 74 20 6f 
66 20 74 68 65 20 73 79 73 74 65 6d 2c 20 74 6f 
20 66 61 63 69 6c 69 74 61 74 65 20 70 72 6f 74 
65 63 74 69 6f 6e 0d 0a 32 32 30 2d 61 67 61 69 
6e 73 74 20 75 6e 61 75 74 68 6f 72 69 7a 65 64 
20 61 63 63 65 73 73 2c 20 61 6e 64 20 74 6f 20 
76 65 72 69 66 79 20 73 65 63 75 72 69 74 79 20 
70 72 6f 63 65 64 75 72 65 73 2c 20 0d 0a 32 32 
30 2d 73 75 72 76 69 76 61 62 69 6c 69 74 79 20 
61 6e 64 20 6f 70 65 72 61 74 69 6f 6e 61 6c 20 
73 65 63 75 72 69 74 79 2e 20 20 44 75 72 69 6e 
67 20 6d 6f 6e 69 74 6f 72 69 6e 67 20 69 6e 66 
6f 72 6d 61 74 69 6f 6e 20 6d 61 79 0d 0a 32 32 
30 2d 62 65 20 65 78 61 6d 69 6e 65 64 2c 20 72 
65 63 6f 72 64 65 64 2c 20 63 6f 70 69 65 64 20 
61 6e 64 20 75 73 65 64 20 66 6f 72 20 61 75 74 
68 6f 72 69 7a 65 64 20 70 75 72 70 6f 73 65 73 
2e 20 20 41 6c 6c 20 0d 0a 32 32 30 2d 69 6e 66 
6f 72 6d 61 74 69 6f 6e 2c 20 69 6e 63 6c 75 64 
69 6e 67 20 70 65 72 73 6f 6e 61 6c 20 69 6e 66 
6f 72 6d 61 74 69 6f 6e 20 70 6c 61 63 65 64 20 
6f 6e 20 6f 72 20 73 65 6e 74 20 6f 76 65 72 20 
74 68 69 73 0d 0a 32 32 30 2d 73 79 73 74 65 6d 
20 6d 61 79 20 62 65 20 6d 6f 6e 69 74 6f 72 65 
64 2e 20 20 55 6e 61 75 74 68 6f 72 69 7a 65 64 
20 75 73 65 20 6d 61 79 20 73 75 62 6a 65 63 74 
20 79 6f 75 20 74 6f 20 63 72 69 6d 69 6e 61 6c 
20 0d 0a 32 32 30 2d 70 72 6f 73 65 63 75 74 69 
6f 6e 2e 0d 0a 32 32 30 2d 0d 0a 32 32 30 2d 54 
68 61 6e 6b 20 79 6f 75 2c 20 68 61 76 65 20 61 
20 6e 69 63 65 20 44 61 79 2e 0d 0a 32 32 30 2d 
0d 0a 32 32 30 20 6e 65 74 77 6f 72 6b 73 65 63 
75 72 69 74 79 20 46 54 50 20 73 65 72 76 65 72 
20 28 56 65 72 73 69 6f 6e 20 77 75 2d 32 2e 36 
2e 32 2d 38 29 20 72 65 61 64 79 2e 0d 0a 

00 04 75 8d 49 c7 00 aa 00 30 91 09 08 00 45 00 
00 18 02 55 00 02 80 06 6e fa c0 a8 24 20 c0 a8 
24 1e b3 fe 00 00 00 00 00 00 00 00 00 00 00 00 
00 00 00 00 00 00 00 00 00 00 00 00 

00 04 75 8d 49 c7 00 aa 00 30 91 09 08 00 45 00 
00 1c 02 55 20 01 80 06 4e f7 c0 a8 24 20 c0 a8 
24 1e 5d c5 28 66 50 10 40 fc 00 00 00 00 00 00 
00 00 00 00 00 00 00 00 00 00 00 00 

00 04 75 8d 49 c7 00 aa 00 30 91 09 08 00 45 00 
00 1c 02 55 20 00 80 06 4e f8 c0 a8 24 20 c0 a8 
24 1e 04 26 00 15 cb 35 9b ae 00 00 00 00 00 00 
00 00 00 00 00 00 00 00 00 00 00 00 

00 04 75 8d 49 c7 00 aa 00 30 91 09 08 00 45 00 
00 18 02 57 00 04 80 06 6e f6 c0 a8 24 20 c0 a8 
24 1e 75 73 0d 0a 00 00 00 00 00 00 00 00 00 00 
00 00 00 00 00 00 00 00 00 00 00 00 

00 04 75 8d 49 c7 00 aa 00 30 91 09 08 00 45 00 
00 1c 02 57 20 01 80 06 4e f5 c0 a8 24 20 c0 a8 
24 1e 5d c5 28 66 50 18 40 fc 00 00 00 00 00 00 
00 00 00 00 00 00 00 00 00 00 00 00 

00 04 75 8d 49 c7 00 aa 00 30 91 09 08 00 45 00 
00 1c 02 57 20 02 80 06 4e f4 c0 a8 24 20 c0 a8 
24 1e 2c 0a 00 00 55 53 45 52 00 00 00 00 00 00 
00 00 00 00 00 00 00 00 00 00 00 00 

00 04 75 8d 49 c7 00 aa 00 30 91 09 08 00 45 00 
00 1c 02 57 20 03 80 06 4e f3 c0 a8 24 20 c0 a8 
24 1e 20 61 6e 6f 6e 79 6d 6f 00 00 00 00 00 00 
00 00 00 00 00 00 00 00 00 00 00 00 

00 04 75 8d 49 c7 00 aa 00 30 91 09 08 00 45 00 
00 1c 02 57 20 00 80 06 4e f6 c0 a8 24 20 c0 a8 
24 1e 04 26 00 15 cb 35 9b ae 00 00 00 00 00 00 
00 00 00 00 00 00 00 00 00 00 00 00 

00 aa 00 30 91 0d 00 04 75 8d 49 c7 08 00 45 00 
00 28 94 64 40 00 40 06 dc dc c0 a8 24 1e c0 a8 
24 20 00 15 04 26 5d c5 28 66 cb 35 9b be 50 10 
16 d0 de 1a 00 00 00 00 00 00 00 00 

00 aa 00 30 91 0d 00 04 75 8d 49 c7 08 00 45 00 
00 6c 94 65 40 00 40 06 dc 97 c0 a8 24 1e c0 a8 
24 20 00 15 04 26 5d c5 28 66 cb 35 9b be 50 18 
16 d0 f4 29 00 00 33 33 31 20 47 75 65 73 74 20 
6c 6f 67 69 6e 20 6f 6b 2c 20 73 65 6e 64 20 79 
6f 75 72 20 63 6f 6d 70 6c 65 74 65 20 65 2d 6d 
61 69 6c 20 61 64 64 72 65 73 73 20 61 73 20 70 
61 73 73 77 6f 72 64 2e 0d 0a 

00 04 75 8d 49 c7 00 aa 00 30 91 09 08 00 45 00 
00 18 02 58 00 02 80 06 6e f7 c0 a8 24 20 c0 a8 
24 1e b3 ee 00 00 00 00 00 00 00 00 00 00 00 00 
00 00 00 00 00 00 00 00 00 00 00 00 

00 04 75 8d 49 c7 00 aa 00 30 91 09 08 00 45 00 
00 1c 02 58 20 01 80 06 4e f4 c0 a8 24 20 c0 a8 
24 1e 5d c5 28 aa 50 10 40 b8 00 00 00 00 00 00 
00 00 00 00 00 00 00 00 00 00 00 00 

00 04 75 8d 49 c7 00 aa 00 30 91 09 08 00 45 00 
00 1c 02 58 20 00 80 06 4e f5 c0 a8 24 20 c0 a8 
24 1e 04 26 00 15 cb 35 9b be 00 00 00 00 00 00 
00 00 00 00 00 00 00 00 00 00 00 00 

00 04 75 8d 49 c7 00 aa 00 30 91 09 08 00 45 00 
00 18 02 5a 00 05 80 06 6e f2 c0 a8 24 20 c0 a8 
24 1e 6f 6d 0d 0a 00 00 00 00 00 00 00 00 00 00 
00 00 00 00 00 00 00 00 00 00 00 00 

00 04 75 8d 49 c7 00 aa 00 30 91 09 08 00 45 00 
00 1c 02 5a 20 01 80 06 4e f2 c0 a8 24 20 c0 a8 
24 1e 5d c5 28 aa 50 18 40 b8 00 00 00 00 00 00 
00 00 00 00 00 00 00 00 00 00 00 00 

00 04 75 8d 49 c7 00 aa 00 30 91 09 08 00 45 00 
00 1c 02 5a 20 02 80 06 4e f1 c0 a8 24 20 c0 a8 
24 1e d6 5c 00 00 50 41 53 53 00 00 00 00 00 00 
00 00 00 00 00 00 00 00 00 00 00 00 

00 04 75 8d 49 c7 00 aa 00 30 91 09 08 00 45 00 
00 1c 02 5a 20 03 80 06 4e f0 c0 a8 24 20 c0 a8 
24 1e 20 79 6f 75 40 73 6f 6d 00 00 00 00 00 00 
00 00 00 00 00 00 00 00 00 00 00 00 

00 04 75 8d 49 c7 00 aa 00 30 91 09 08 00 45 00 
00 1c 02 5a 20 04 80 06 4e ef c0 a8 24 20 c0 a8 
24 1e 65 68 77 65 72 65 2e 63 00 00 00 00 00 00 
00 00 00 00 00 00 00 00 00 00 00 00 

00 04 75 8d 49 c7 00 aa 00 30 91 09 08 00 45 00 
00 1c 02 5a 20 00 80 06 4e f3 c0 a8 24 20 c0 a8 
24 1e 04 26 00 15 cb 35 9b be 00 00 00 00 00 00 
00 00 00 00 00 00 00 00 00 00 00 00 

00 aa 00 30 91 0d 00 04 75 8d 49 c7 08 00 45 00 
00 58 94 66 40 00 40 06 dc aa c0 a8 24 1e c0 a8 
24 20 00 15 04 26 5d c5 28 aa cb 35 9b d6 50 18 
16 d0 31 a0 00 00 32 33 30 20 47 75 65 73 74 20 
6c 6f 67 69 6e 20 6f 6b 2c 20 61 63 63 65 73 73 
20 72 65 73 74 72 69 63 74 69 6f 6e 73 20 61 70 
70 6c 79 2e 0d 0a 

00 04 75 8d 49 c7 00 aa 00 30 91 09 08 00 45 00 
00 18 02 5b 00 02 80 06 6e f4 c0 a8 24 20 c0 a8 
24 1e b3 d6 00 00 00 00 00 00 00 00 00 00 00 00 
00 00 00 00 00 00 00 00 00 00 00 00 

00 04 75 8d 49 c7 00 aa 00 30 91 09 08 00 45 00 
00 1c 02 5b 20 01 80 06 4e f1 c0 a8 24 20 c0 a8 
24 1e 5d c5 28 da 50 10 40 88 00 00 00 00 00 00 
00 00 00 00 00 00 00 00 00 00 00 00 

00 04 75 8d 49 c7 00 aa 00 30 91 09 08 00 45 00 
00 1c 02 5b 20 00 80 06 4e f2 c0 a8 24 20 c0 a8 
24 1e 04 26 00 15 cb 35 9b d6 00 00 00 00 00 00 
00 00 00 00 00 00 00 00 00 00 00 00 

00 04 75 8d 49 c7 00 aa 00 30 91 09 08 00 45 00 
00 19 02 5e 00 05 80 06 6e ed c0 a8 24 20 c0 a8 
24 1e 2c 33 39 0d 0a 00 00 00 00 00 00 00 00 00 
00 00 00 00 00 00 00 00 00 00 00 00 

00 04 75 8d 49 c7 00 aa 00 30 91 09 08 00 45 00 
00 1c 02 5e 20 01 80 06 4e ee c0 a8 24 20 c0 a8 
24 1e 5d c5 28 da 50 18 40 88 00 00 00 00 00 00 
00 00 00 00 00 00 00 00 00 00 00 00 

00 04 75 8d 49 c7 00 aa 00 30 91 09 08 00 45 00 
00 1c 02 5e 20 02 80 06 4e ed c0 a8 24 20 c0 a8 
24 1e 24 3f 00 00 50 4f 52 54 00 00 00 00 00 00 
00 00 00 00 00 00 00 00 00 00 00 00 

00 04 75 8d 49 c7 00 aa 00 30 91 09 08 00 45 00 
00 1c 02 5e 20 03 80 06 4e ec c0 a8 24 20 c0 a8 
24 1e 20 31 39 32 2c 31 36 38 00 00 00 00 00 00 
00 00 00 00 00 00 00 00 00 00 00 00 

00 04 75 8d 49 c7 00 aa 00 30 91 09 08 00 45 00 
00 1c 02 5e 20 04 80 06 4e eb c0 a8 24 20 c0 a8 
24 1e 2c 33 36 2c 33 32 2c 34 00 00 00 00 00 00 
00 00 00 00 00 00 00 00 00 00 00 00 

00 04 75 8d 49 c7 00 aa 00 30 91 09 08 00 45 00 
00 1c 02 5e 20 00 80 06 4e ef c0 a8 24 20 c0 a8 
24 1e 04 26 00 15 cb 35 9b d6 00 00 00 00 00 00 
00 00 00 00 00 00 00 00 00 00 00 00 

00 aa 00 30 91 0d 00 04 75 8d 49 c7 08 00 45 00 
00 46 94 67 40 00 40 06 dc bb c0 a8 24 1e c0 a8 
24 20 00 15 04 26 5d c5 28 da cb 35 9b ef 50 18 
16 d0 20 68 00 00 32 30 30 20 50 4f 52 54 20 63 
6f 6d 6d 61 6e 64 20 73 75 63 63 65 73 73 66 75 
6c 2e 0d 0a 

00 04 75 8d 49 c7 00 aa 00 30 91 09 08 00 45 00 
00 16 02 5f 00 03 80 06 6e f1 c0 a8 24 20 c0 a8 
24 1e 0d 0a 00 00 00 00 00 00 00 00 00 00 00 00 
00 00 00 00 00 00 00 00 00 00 00 00 

00 04 75 8d 49 c7 00 aa 00 30 91 09 08 00 45 00 
00 1c 02 5f 20 01 80 06 4e ed c0 a8 24 20 c0 a8 
24 1e 5d c5 28 f8 50 18 40 6a 00 00 00 00 00 00 
00 00 00 00 00 00 00 00 00 00 00 00 

00 04 75 8d 49 c7 00 aa 00 30 91 09 08 00 45 00 
00 1c 02 5f 20 02 80 06 4e ec c0 a8 24 20 c0 a8 
24 1e 05 05 00 00 4e 4c 53 54 00 00 00 00 00 00 
00 00 00 00 00 00 00 00 00 00 00 00 

00 04 75 8d 49 c7 00 aa 00 30 91 09 08 00 45 00 
00 1c 02 5f 20 00 80 06 4e ee c0 a8 24 20 c0 a8 
24 1e 04 26 00 15 cb 35 9b ef 00 00 00 00 00 00 
00 00 00 00 00 00 00 00 00 00 00 00 

00 aa 00 30 91 0d 00 04 75 8d 49 c7 08 00 45 00 
00 3c 3a 0f 40 00 40 06 37 1e c0 a8 24 1e c0 a8 
24 20 00 14 04 27 5d 91 ff a4 00 00 00 00 a0 02 
16 d0 40 82 00 00 02 04 05 b4 04 02 08 0a 00 09 
c5 ab 00 00 00 00 01 03 03 00 

00 aa 00 30 91 0d 00 04 75 8d 49 c7 08 00 45 00 
00 28 94 68 40 00 40 06 dc d8 c0 a8 24 1e c0 a8 
24 20 00 15 04 26 5d c5 28 f8 cb 35 9b f5 50 10 
16 d0 dd 51 00 00 00 00 00 00 00 00 

00 04 75 8d 49 c7 00 aa 00 30 91 09 08 00 45 00 
00 18 02 60 00 05 80 06 6e ec c0 a8 24 20 c0 a8 
24 1e 01 01 04 02 00 00 00 00 00 00 00 00 00 00 
00 00 00 00 00 00 00 00 00 00 00 00 

00 04 75 8d 49 c7 00 aa 00 30 91 09 08 00 45 00 
00 1c 02 60 20 01 80 06 4e ec c0 a8 24 20 c0 a8 
24 1e 5d 91 ff a5 b0 12 44 70 00 00 00 00 00 00 
00 00 00 00 00 00 00 00 00 00 00 00 

00 04 75 8d 49 c7 00 aa 00 30 91 09 08 00 45 00 
00 1c 02 60 20 02 80 06 4e eb c0 a8 24 20 c0 a8 
24 1e 8f 8e 00 00 02 04 05 b4 00 00 00 00 00 00 
00 00 00 00 00 00 00 00 00 00 00 00 

00 04 75 8d 49 c7 00 aa 00 30 91 09 08 00 45 00 
00 1c 02 60 20 03 80 06 4e ea c0 a8 24 20 c0 a8 
24 1e 01 03 03 00 01 01 08 0a 00 00 00 00 00 00 
00 00 00 00 00 00 00 00 00 00 00 00 

00 04 75 8d 49 c7 00 aa 00 30 91 09 08 00 45 00 
00 1c 02 60 20 04 80 06 4e e9 c0 a8 24 20 c0 a8 
24 1e 00 00 00 00 00 00 00 00 00 00 00 00 00 00 
00 00 00 00 00 00 00 00 00 00 00 00 

00 04 75 8d 49 c7 00 aa 00 30 91 09 08 00 45 00 
00 1c 02 60 20 00 80 06 4e ed c0 a8 24 20 c0 a8 
24 1e 04 27 00 14 cb 5b 6b 95 00 00 00 00 00 00 
00 00 00 00 00 00 00 00 00 00 00 00 

00 aa 00 30 91 0d 00 04 75 8d 49 c7 08 00 45 00 
00 34 3a 10 40 00 40 06 37 25 c0 a8 24 1e c0 a8 
24 20 00 14 04 27 5d 91 ff a5 cb 5b 6b 96 80 10 
16 d0 38 2f 00 00 01 01 08 0a 00 09 c5 c1 00 00 
00 00 

00 aa 00 30 91 0d 00 04 75 8d 49 c7 08 00 45 00 
00 5f 94 69 40 00 40 06 dc a0 c0 a8 24 1e c0 a8 
24 20 00 15 04 26 5d c5 28 f8 cb 35 9b f5 50 18 
16 d0 c1 f5 00 00 31 35 30 20 4f 70 65 6e 69 6e 
67 20 41 53 43 49 49 20 6d 6f 64 65 20 64 61 74 
61 20 63 6f 6e 6e 65 63 74 69 6f 6e 20 66 6f 72 
20 66 69 6c 65 20 6c 69 73 74 2e 0d 0a 

00 aa 00 30 91 0d 00 04 75 8d 49 c7 08 00 45 00 
00 a5 3a 11 40 00 40 06 36 b3 c0 a8 24 1e c0 a8 
24 20 00 14 04 27 5d 91 ff a5 cb 5b 6b 96 80 18 
16 d0 86 ac 00 00 01 01 08 0a 00 09 c5 c2 00 00 
00 00 63 61 74 74 76 2e 6a 70 67 0d 0a 67 69 61 
6e 74 73 61 6e 64 77 69 63 68 2e 6a 70 67 0d 0a 
6a 6f 65 2e 6a 70 67 0d 0a 6e 65 74 77 6f 72 6b 
73 65 63 2e 74 78 74 0d 0a 72 65 64 6e 65 63 6b 
6f 6c 79 6d 70 69 63 73 2e 6a 70 67 0d 0a 72 65 
64 6e 65 63 6b 70 61 6c 6d 70 69 6c 6f 74 2e 6a 
70 67 0d 0a 73 70 69 64 65 72 62 75 67 2e 6a 70 
67 0d 0a 

00 aa 00 30 91 0d 00 04 75 8d 49 c7 08 00 45 00 
00 34 3a 12 40 00 40 06 37 23 c0 a8 24 1e c0 a8 
24 20 00 14 04 27 5d 92 00 16 cb 5b 6b 96 80 11 
16 d0 37 bc 00 00 01 01 08 0a 00 09 c5 c2 00 00 
00 00 

00 04 75 8d 49 c7 00 aa 00 30 91 09 08 00 45 00 
00 1c 02 61 00 03 80 06 6e e9 c0 a8 24 20 c0 a8 
24 1e 00 00 3a 05 00 09 c5 c2 00 00 00 00 00 00 
00 00 00 00 00 00 00 00 00 00 00 00 

00 04 75 8d 49 c7 00 aa 00 30 91 09 08 00 45 00 
00 1c 02 61 20 01 80 06 4e eb c0 a8 24 20 c0 a8 
24 1e 5d 92 00 17 80 10 43 ff 00 00 00 00 00 00 
00 00 00 00 00 00 00 00 00 00 00 00 

00 04 75 8d 49 c7 00 aa 00 30 91 09 08 00 45 00 
00 1c 02 61 20 02 80 06 4e ea c0 a8 24 20 c0 a8 
24 1e d0 87 00 00 01 01 08 0a 00 00 00 00 00 00 
00 00 00 00 00 00 00 00 00 00 00 00 

00 04 75 8d 49 c7 00 aa 00 30 91 09 08 00 45 00 
00 1c 02 61 20 00 80 06 4e ec c0 a8 24 20 c0 a8 
24 1e 04 27 00 14 cb 5b 6b 96 00 00 00 00 00 00 
00 00 00 00 00 00 00 00 00 00 00 00 

00 04 75 8d 49 c7 00 aa 00 30 91 09 08 00 45 00 
00 1c 02 62 00 03 80 06 6e e8 c0 a8 24 20 c0 a8 
24 1e 00 00 3a 05 00 09 c5 c2 00 00 00 00 00 00 
00 00 00 00 00 00 00 00 00 00 00 00 

00 04 75 8d 49 c7 00 aa 00 30 91 09 08 00 45 00 
00 1c 02 62 20 01 80 06 4e ea c0 a8 24 20 c0 a8 
24 1e 5d 92 00 17 80 11 43 ff 00 00 00 00 00 00 
00 00 00 00 00 00 00 00 00 00 00 00 

00 04 75 8d 49 c7 00 aa 00 30 91 09 08 00 45 00 
00 1c 02 62 20 02 80 06 4e e9 c0 a8 24 20 c0 a8 
24 1e d0 86 00 00 01 01 08 0a 00 00 00 00 00 00 
00 00 00 00 00 00 00 00 00 00 00 00 

00 04 75 8d 49 c7 00 aa 00 30 91 09 08 00 45 00 
00 1c 02 62 20 00 80 06 4e eb c0 a8 24 20 c0 a8 
24 1e 04 27 00 14 cb 5b 6b 96 00 00 00 00 00 00 
00 00 00 00 00 00 00 00 00 00 00 00 

00 aa 00 30 91 0d 00 04 75 8d 49 c7 08 00 45 00 
00 34 3a 13 40 00 40 06 37 22 c0 a8 24 1e c0 a8 
24 20 00 14 04 27 5d 92 00 17 cb 5b 6b 97 80 10 
16 d0 fd a0 00 00 01 01 08 0a 00 09 c5 d7 00 00 
3a 05 

00 04 75 8d 49 c7 00 aa 00 30 91 09 08 00 45 00 
00 18 02 63 00 02 80 06 6e ec c0 a8 24 20 c0 a8 
24 1e b3 b7 00 00 00 00 00 00 00 00 00 00 00 00 
00 00 00 00 00 00 00 00 00 00 00 00 

00 04 75 8d 49 c7 00 aa 00 30 91 09 08 00 45 00 
00 1c 02 63 20 01 80 06 4e e9 c0 a8 24 20 c0 a8 
24 1e 5d c5 29 2f 50 10 40 33 00 00 00 00 00 00 
00 00 00 00 00 00 00 00 00 00 00 00 

00 04 75 8d 49 c7 00 aa 00 30 91 09 08 00 45 00 
00 1c 02 63 20 00 80 06 4e ea c0 a8 24 20 c0 a8 
24 1e 04 26 00 15 cb 35 9b f5 00 00 00 00 00 00 
00 00 00 00 00 00 00 00 00 00 00 00 

00 aa 00 30 91 0d 00 04 75 8d 49 c7 08 00 45 00 
00 40 94 6a 40 00 40 06 dc be c0 a8 24 1e c0 a8 
24 20 00 15 04 26 5d c5 29 2f cb 35 9b f5 50 18 
16 d0 0e 05 00 00 32 32 36 20 54 72 61 6e 73 66 
65 72 20 63 6f 6d 70 6c 65 74 65 2e 0d 0a 

00 04 75 8d 49 c7 00 aa 00 30 91 09 08 00 45 00 
00 18 02 64 00 02 80 06 6e eb c0 a8 24 20 c0 a8 
24 1e b3 b7 00 00 00 00 00 00 00 00 00 00 00 00 
00 00 00 00 00 00 00 00 00 00 00 00 

00 04 75 8d 49 c7 00 aa 00 30 91 09 08 00 45 00 
00 1c 02 64 20 01 80 06 4e e8 c0 a8 24 20 c0 a8 
24 1e 5d c5 29 47 50 10 40 1b 00 00 00 00 00 00 
00 00 00 00 00 00 00 00 00 00 00 00 

00 04 75 8d 49 c7 00 aa 00 30 91 09 08 00 45 00 
00 1c 02 64 20 00 80 06 4e e9 c0 a8 24 20 c0 a8 
24 1e 04 26 00 15 cb 35 9b f5 00 00 00 00 00 00 
00 00 00 00 00 00 00 00 00 00 00 00 

00 04 75 8d 49 c7 00 aa 00 30 91 09 08 00 45 00 
00 18 02 65 00 03 80 06 6e e9 c0 a8 24 20 c0 a8 
24 1e 20 41 0d 0a 00 00 00 00 00 00 00 00 00 00 
00 00 00 00 00 00 00 00 00 00 00 00 

00 04 75 8d 49 c7 00 aa 00 30 91 09 08 00 45 00 
00 1c 02 65 20 01 80 06 4e e7 c0 a8 24 20 c0 a8 
24 1e 5d c5 29 47 50 18 40 1b 00 00 00 00 00 00 
00 00 00 00 00 00 00 00 00 00 00 00 

00 04 75 8d 49 c7 00 aa 00 30 91 09 08 00 45 00 
00 1c 02 65 20 02 80 06 4e e6 c0 a8 24 20 c0 a8 
24 1e e1 bd 00 00 54 59 50 45 00 00 00 00 00 00 
00 00 00 00 00 00 00 00 00 00 00 00 

00 04 75 8d 49 c7 00 aa 00 30 91 09 08 00 45 00 
00 1c 02 65 20 00 80 06 4e e8 c0 a8 24 20 c0 a8 
24 1e 04 26 00 15 cb 35 9b f5 00 00 00 00 00 00 
00 00 00 00 00 00 00 00 00 00 00 00 

00 aa 00 30 91 0d 00 04 75 8d 49 c7 08 00 45 00 
00 28 94 6b 40 00 40 06 dc d5 c0 a8 24 1e c0 a8 
24 20 00 15 04 26 5d c5 29 47 cb 35 9b fd 50 10 
16 d0 dc fa 00 00 00 00 00 00 00 00 

00 aa 00 30 91 0d 00 04 75 8d 49 c7 08 00 45 00 
00 3c 94 6c 40 00 40 06 dc c0 c0 a8 24 1e c0 a8 
24 20 00 15 04 26 5d c5 29 47 cb 35 9b fd 50 18 
16 d0 51 fb 00 00 32 30 30 20 54 79 70 65 20 73 
65 74 20 74 6f 20 41 2e 0d 0a 

00 04 75 8d 49 c7 00 aa 00 30 91 09 08 00 45 00 
00 19 02 66 00 05 80 06 6e e5 c0 a8 24 20 c0 a8 
24 1e 2c 34 30 0d 0a 00 00 00 00 00 00 00 00 00 
00 00 00 00 00 00 00 00 00 00 00 00 

00 04 75 8d 49 c7 00 aa 00 30 91 09 08 00 45 00 
00 1c 02 66 20 01 80 06 4e e6 c0 a8 24 20 c0 a8 
24 1e 5d c5 29 5b 50 18 40 07 00 00 00 00 00 00 
00 00 00 00 00 00 00 00 00 00 00 00 

00 04 75 8d 49 c7 00 aa 00 30 91 09 08 00 45 00 
00 1c 02 66 20 02 80 06 4e e5 c0 a8 24 20 c0 a8 
24 1e 2d 17 00 00 50 4f 52 54 00 00 00 00 00 00 
00 00 00 00 00 00 00 00 00 00 00 00 

00 04 75 8d 49 c7 00 aa 00 30 91 09 08 00 45 00 
00 1c 02 66 20 03 80 06 4e e4 c0 a8 24 20 c0 a8 
24 1e 20 31 39 32 2c 31 36 38 00 00 00 00 00 00 
00 00 00 00 00 00 00 00 00 00 00 00 

00 04 75 8d 49 c7 00 aa 00 30 91 09 08 00 45 00 
00 1c 02 66 20 04 80 06 4e e3 c0 a8 24 20 c0 a8 
24 1e 2c 33 36 2c 33 32 2c 34 00 00 00 00 00 00 
00 00 00 00 00 00 00 00 00 00 00 00 

00 04 75 8d 49 c7 00 aa 00 30 91 09 08 00 45 00 
00 1c 02 66 20 00 80 06 4e e7 c0 a8 24 20 c0 a8 
24 1e 04 26 00 15 cb 35 9b fd 00 00 00 00 00 00 
00 00 00 00 00 00 00 00 00 00 00 00 

00 aa 00 30 91 0d 00 04 75 8d 49 c7 08 00 45 00 
00 46 94 6d 40 00 40 06 dc b5 c0 a8 24 1e c0 a8 
24 20 00 15 04 26 5d c5 29 5b cb 35 9c 16 50 18 
16 d0 1f c0 00 00 32 30 30 20 50 4f 52 54 20 63 
6f 6d 6d 61 6e 64 20 73 75 63 63 65 73 73 66 75 
6c 2e 0d 0a 

00 04 75 8d 49 c7 00 aa 00 30 91 09 08 00 45 00 
00 1c 02 67 00 03 80 06 6e e3 c0 a8 24 20 c0 a8 
24 1e 20 2a 2e 6a 70 67 0d 0a 00 00 00 00 00 00 
00 00 00 00 00 00 00 00 00 00 00 00 

00 04 75 8d 49 c7 00 aa 00 30 91 09 08 00 45 00 
00 1c 02 67 20 01 80 06 4e e5 c0 a8 24 20 c0 a8 
24 1e 5d c5 29 79 50 18 3f e9 00 00 00 00 00 00 
00 00 00 00 00 00 00 00 00 00 00 00 

00 04 75 8d 49 c7 00 aa 00 30 91 09 08 00 45 00 
00 1c 02 67 20 02 80 06 4e e4 c0 a8 24 20 c0 a8 
24 1e 45 dc 00 00 4e 4c 53 54 00 00 00 00 00 00 
00 00 00 00 00 00 00 00 00 00 00 00 

00 04 75 8d 49 c7 00 aa 00 30 91 09 08 00 45 00 
00 1c 02 67 20 00 80 06 4e e6 c0 a8 24 20 c0 a8 
24 1e 04 26 00 15 cb 35 9c 16 00 00 00 00 00 00 
00 00 00 00 00 00 00 00 00 00 00 00 

00 aa 00 30 91 0d 00 04 75 8d 49 c7 08 00 45 00 
00 3c f8 21 40 00 40 06 79 0b c0 a8 24 1e c0 a8 
24 20 00 14 04 28 5e 5b 35 8e 00 00 00 00 a0 02 
16 d0 01 ca 00 00 02 04 05 b4 04 02 08 0a 00 09 
cd af 00 00 00 00 01 03 03 00 

00 04 75 8d 49 c7 00 aa 00 30 91 09 08 00 45 00 
00 18 02 68 00 05 80 06 6e e4 c0 a8 24 20 c0 a8 
24 1e 01 01 04 02 00 00 00 00 00 00 00 00 00 00 
00 00 00 00 00 00 00 00 00 00 00 00 

00 04 75 8d 49 c7 00 aa 00 30 91 09 08 00 45 00 
00 1c 02 68 20 01 80 06 4e e4 c0 a8 24 20 c0 a8 
24 1e 5e 5b 35 8f b0 12 44 70 00 00 00 00 00 00 
00 00 00 00 00 00 00 00 00 00 00 00 

00 04 75 8d 49 c7 00 aa 00 30 91 09 08 00 45 00 
00 1c 02 68 20 02 80 06 4e e3 c0 a8 24 20 c0 a8 
24 1e 9e f5 00 00 02 04 05 b4 00 00 00 00 00 00 
00 00 00 00 00 00 00 00 00 00 00 00 

00 04 75 8d 49 c7 00 aa 00 30 91 09 08 00 45 00 
00 1c 02 68 20 03 80 06 4e e2 c0 a8 24 20 c0 a8 
24 1e 01 03 03 00 01 01 08 0a 00 00 00 00 00 00 
00 00 00 00 00 00 00 00 00 00 00 00 

00 04 75 8d 49 c7 00 aa 00 30 91 09 08 00 45 00 
00 1c 02 68 20 04 80 06 4e e1 c0 a8 24 20 c0 a8 
24 1e 00 00 00 00 00 00 00 00 00 00 00 00 00 00 
00 00 00 00 00 00 00 00 00 00 00 00 

00 04 75 8d 49 c7 00 aa 00 30 91 09 08 00 45 00 
00 1c 02 68 20 00 80 06 4e e5 c0 a8 24 20 c0 a8 
24 1e 04 28 00 14 cb 6a 25 6b 00 00 00 00 00 00 
00 00 00 00 00 00 00 00 00 00 00 00 

00 aa 00 30 91 0d 00 04 75 8d 49 c7 08 00 45 00 
00 34 f8 22 40 00 40 06 79 12 c0 a8 24 1e c0 a8 
24 20 00 14 04 28 5e 5b 35 8f cb 6a 25 6c 80 10 
16 d0 3f a7 00 00 01 01 08 0a 00 09 cd b0 00 00 
00 00 

00 aa 00 30 91 0d 00 04 75 8d 49 c7 08 00 45 00 
00 5f 94 6e 40 00 40 06 dc 9b c0 a8 24 1e c0 a8 
24 20 00 15 04 26 5d c5 29 79 cb 35 9c 22 50 18 
16 d0 c1 47 00 00 31 35 30 20 4f 70 65 6e 69 6e 
67 20 41 53 43 49 49 20 6d 6f 64 65 20 64 61 74 
61 20 63 6f 6e 6e 65 63 74 69 6f 6e 20 66 6f 72 
20 66 69 6c 65 20 6c 69 73 74 2e 0d 0a 

00 aa 00 30 91 0d 00 04 75 8d 49 c7 08 00 45 00 
00 95 f8 23 40 00 40 06 78 b0 c0 a8 24 1e c0 a8 
24 20 00 14 04 28 5e 5b 35 8f cb 6a 25 6c 80 18 
16 d0 a7 0c 00 00 01 01 08 0a 00 09 cd b0 00 00 
00 00 63 61 74 74 76 2e 6a 70 67 0d 0a 67 69 61 
6e 74 73 61 6e 64 77 69 63 68 2e 6a 70 67 0d 0a 
6a 6f 65 2e 6a 70 67 0d 0a 72 65 64 6e 65 63 6b 
6f 6c 79 6d 70 69 63 73 2e 6a 70 67 0d 0a 72 65 
64 6e 65 63 6b 70 61 6c 6d 70 69 6c 6f 74 2e 6a 
70 67 0d 0a 73 70 69 64 65 72 62 75 67 2e 6a 70 
67 0d 0a 

00 aa 00 30 91 0d 00 04 75 8d 49 c7 08 00 45 00 
00 34 f8 24 40 00 40 06 79 10 c0 a8 24 1e c0 a8 
24 20 00 14 04 28 5e 5b 35 f0 cb 6a 25 6c 80 11 
16 d0 3f 45 00 00 01 01 08 0a 00 09 cd b0 00 00 
00 00 

00 04 75 8d 49 c7 00 aa 00 30 91 09 08 00 45 00 
00 1c 02 69 00 03 80 06 6e e1 c0 a8 24 20 c0 a8 
24 1e 00 00 3a 2c 00 09 cd b0 00 00 00 00 00 00 
00 00 00 00 00 00 00 00 00 00 00 00 

00 04 75 8d 49 c7 00 aa 00 30 91 09 08 00 45 00 
00 1c 02 69 20 01 80 06 4e e3 c0 a8 24 20 c0 a8 
24 1e 5e 5b 35 f1 80 10 44 0f 00 00 00 00 00 00 
00 00 00 00 00 00 00 00 00 00 00 00 

00 04 75 8d 49 c7 00 aa 00 30 91 09 08 00 45 00 
00 1c 02 69 20 02 80 06 4e e2 c0 a8 24 20 c0 a8 
24 1e d7 d9 00 00 01 01 08 0a 00 00 00 00 00 00 
00 00 00 00 00 00 00 00 00 00 00 00 

00 04 75 8d 49 c7 00 aa 00 30 91 09 08 00 45 00 
00 1c 02 69 20 00 80 06 4e e4 c0 a8 24 20 c0 a8 
24 1e 04 28 00 14 cb 6a 25 6c 00 00 00 00 00 00 
00 00 00 00 00 00 00 00 00 00 00 00 

00 04 75 8d 49 c7 00 aa 00 30 91 09 08 00 45 00 
00 1c 02 6a 00 03 80 06 6e e0 c0 a8 24 20 c0 a8 
24 1e 00 00 3a 2c 00 09 cd b0 00 00 00 00 00 00 
00 00 00 00 00 00 00 00 00 00 00 00 

00 04 75 8d 49 c7 00 aa 00 30 91 09 08 00 45 00 
00 1c 02 6a 20 01 80 06 4e e2 c0 a8 24 20 c0 a8 
24 1e 5e 5b 35 f1 80 11 44 0f 00 00 00 00 00 00 
00 00 00 00 00 00 00 00 00 00 00 00 

00 04 75 8d 49 c7 00 aa 00 30 91 09 08 00 45 00 
00 1c 02 6a 20 02 80 06 4e e1 c0 a8 24 20 c0 a8 
24 1e d7 d8 00 00 01 01 08 0a 00 00 00 00 00 00 
00 00 00 00 00 00 00 00 00 00 00 00 

00 04 75 8d 49 c7 00 aa 00 30 91 09 08 00 45 00 
00 1c 02 6a 20 00 80 06 4e e3 c0 a8 24 20 c0 a8 
24 1e 04 28 00 14 cb 6a 25 6c 00 00 00 00 00 00 
00 00 00 00 00 00 00 00 00 00 00 00 

00 aa 00 30 91 0d 00 04 75 8d 49 c7 08 00 45 00 
00 34 f8 25 40 00 40 06 79 0f c0 a8 24 1e c0 a8 
24 20 00 14 04 28 5e 5b 35 f1 cb 6a 25 6d 80 10 
16 d0 05 18 00 00 01 01 08 0a 00 09 cd b0 00 00 
3a 2c 

00 04 75 8d 49 c7 00 aa 00 30 91 09 08 00 45 00 
00 18 02 6b 00 02 80 06 6e e4 c0 a8 24 20 c0 a8 
24 1e b3 8a 00 00 00 00 00 00 00 00 00 00 00 00 
00 00 00 00 00 00 00 00 00 00 00 00 

00 04 75 8d 49 c7 00 aa 00 30 91 09 08 00 45 00 
00 1c 02 6b 20 01 80 06 4e e1 c0 a8 24 20 c0 a8 
24 1e 5d c5 29 b0 50 10 3f b2 00 00 00 00 00 00 
00 00 00 00 00 00 00 00 00 00 00 00 

00 04 75 8d 49 c7 00 aa 00 30 91 09 08 00 45 00 
00 1c 02 6b 20 00 80 06 4e e2 c0 a8 24 20 c0 a8 
24 1e 04 26 00 15 cb 35 9c 22 00 00 00 00 00 00 
00 00 00 00 00 00 00 00 00 00 00 00 

00 aa 00 30 91 0d 00 04 75 8d 49 c7 08 00 45 00 
00 40 94 6f 40 00 40 06 dc b9 c0 a8 24 1e c0 a8 
24 20 00 15 04 26 5d c5 29 b0 cb 35 9c 22 50 18 
16 d0 0d 57 00 00 32 32 36 20 54 72 61 6e 73 66 
65 72 20 63 6f 6d 70 6c 65 74 65 2e 0d 0a 

00 04 75 8d 49 c7 00 aa 00 30 91 09 08 00 45 00 
00 18 02 6c 00 03 80 06 6e e2 c0 a8 24 20 c0 a8 
24 1e 20 41 0d 0a 00 00 00 00 00 00 00 00 00 00 
00 00 00 00 00 00 00 00 00 00 00 00 

00 04 75 8d 49 c7 00 aa 00 30 91 09 08 00 45 00 
00 1c 02 6c 20 01 80 06 4e e0 c0 a8 24 20 c0 a8 
24 1e 5d c5 29 c8 50 18 3f 9a 00 00 00 00 00 00 
00 00 00 00 00 00 00 00 00 00 00 00 

00 04 75 8d 49 c7 00 aa 00 30 91 09 08 00 45 00 
00 1c 02 6c 20 02 80 06 4e df c0 a8 24 20 c0 a8 
24 1e e1 90 00 00 54 59 50 45 00 00 00 00 00 00 
00 00 00 00 00 00 00 00 00 00 00 00 

00 04 75 8d 49 c7 00 aa 00 30 91 09 08 00 45 00 
00 1c 02 6c 20 00 80 06 4e e1 c0 a8 24 20 c0 a8 
24 1e 04 26 00 15 cb 35 9c 22 00 00 00 00 00 00 
00 00 00 00 00 00 00 00 00 00 00 00 

00 aa 00 30 91 0d 00 04 75 8d 49 c7 08 00 45 00 
00 3c 94 70 40 00 40 06 dc bc c0 a8 24 1e c0 a8 
24 20 00 15 04 26 5d c5 29 c8 cb 35 9c 2a 50 18 
16 d0 51 4d 00 00 32 30 30 20 54 79 70 65 20 73 
65 74 20 74 6f 20 41 2e 0d 0a 

00 04 75 8d 49 c7 00 aa 00 30 91 09 08 00 45 00 
00 18 02 6d 00 02 80 06 6e e2 c0 a8 24 20 c0 a8 
24 1e b3 82 00 00 00 00 00 00 00 00 00 00 00 00 
00 00 00 00 00 00 00 00 00 00 00 00 

00 04 75 8d 49 c7 00 aa 00 30 91 09 08 00 45 00 
00 1c 02 6d 20 01 80 06 4e df c0 a8 24 20 c0 a8 
24 1e 5d c5 29 dc 50 10 3f 86 00 00 00 00 00 00 
00 00 00 00 00 00 00 00 00 00 00 00 

00 04 75 8d 49 c7 00 aa 00 30 91 09 08 00 45 00 
00 1c 02 6d 20 00 80 06 4e e0 c0 a8 24 20 c0 a8 
24 1e 04 26 00 15 cb 35 9c 2a 00 00 00 00 00 00 
00 00 00 00 00 00 00 00 00 00 00 00 

00 04 75 8d 49 c7 00 aa 00 30 91 09 08 00 45 00 
00 19 02 6e 00 05 80 06 6e dd c0 a8 24 20 c0 a8 
24 1e 2c 34 31 0d 0a 00 00 00 00 00 00 00 00 00 
00 00 00 00 00 00 00 00 00 00 00 00 

00 04 75 8d 49 c7 00 aa 00 30 91 09 08 00 45 00 
00 1c 02 6e 20 01 80 06 4e de c0 a8 24 20 c0 a8 
24 1e 5d c5 29 dc 50 18 3f 86 00 00 00 00 00 00 
00 00 00 00 00 00 00 00 00 00 00 00 

00 04 75 8d 49 c7 00 aa 00 30 91 09 08 00 45 00 
00 1c 02 6e 20 02 80 06 4e dd c0 a8 24 20 c0 a8 
24 1e 2b ea 00 00 50 4f 52 54 00 00 00 00 00 00 
00 00 00 00 00 00 00 00 00 00 00 00 

00 04 75 8d 49 c7 00 aa 00 30 91 09 08 00 45 00 
00 1c 02 6e 20 03 80 06 4e dc c0 a8 24 20 c0 a8 
24 1e 20 31 39 32 2c 31 36 38 00 00 00 00 00 00 
00 00 00 00 00 00 00 00 00 00 00 00 

00 04 75 8d 49 c7 00 aa 00 30 91 09 08 00 45 00 
00 1c 02 6e 20 04 80 06 4e db c0 a8 24 20 c0 a8 
24 1e 2c 33 36 2c 33 32 2c 34 00 00 00 00 00 00 
00 00 00 00 00 00 00 00 00 00 00 00 

00 04 75 8d 49 c7 00 aa 00 30 91 09 08 00 45 00 
00 1c 02 6e 20 00 80 06 4e df c0 a8 24 20 c0 a8 
24 1e 04 26 00 15 cb 35 9c 2a 00 00 00 00 00 00 
00 00 00 00 00 00 00 00 00 00 00 00 

00 aa 00 30 91 0d 00 04 75 8d 49 c7 08 00 45 00 
00 46 94 71 40 00 40 06 dc b1 c0 a8 24 1e c0 a8 
24 20 00 15 04 26 5d c5 29 dc cb 35 9c 43 50 18 
16 d0 1f 12 00 00 32 30 30 20 50 4f 52 54 20 63 
6f 6d 6d 61 6e 64 20 73 75 63 63 65 73 73 66 75 
6c 2e 0d 0a 

00 04 75 8d 49 c7 00 aa 00 30 91 09 08 00 45 00 
00 1a 02 6f 00 05 80 06 6e db c0 a8 24 20 c0 a8 
24 1e 2e 6a 70 67 0d 0a 00 00 00 00 00 00 00 00 
00 00 00 00 00 00 00 00 00 00 00 00 

00 04 75 8d 49 c7 00 aa 00 30 91 09 08 00 45 00 
00 1c 02 6f 20 01 80 06 4e dd c0 a8 24 20 c0 a8 
24 1e 5d c5 29 fa 50 18 3f 68 00 00 00 00 00 00 
00 00 00 00 00 00 00 00 00 00 00 00 

00 04 75 8d 49 c7 00 aa 00 30 91 09 08 00 45 00 
00 1c 02 6f 20 02 80 06 4e dc c0 a8 24 20 c0 a8 
24 1e 4c 76 00 00 52 45 54 52 00 00 00 00 00 00 
00 00 00 00 00 00 00 00 00 00 00 00 

00 04 75 8d 49 c7 00 aa 00 30 91 09 08 00 45 00 
00 1c 02 6f 20 03 80 06 4e db c0 a8 24 20 c0 a8 
24 1e 20 72 65 64 6e 65 63 6b 00 00 00 00 00 00 
00 00 00 00 00 00 00 00 00 00 00 00 

00 04 75 8d 49 c7 00 aa 00 30 91 09 08 00 45 00 
00 1c 02 6f 20 04 80 06 4e da c0 a8 24 20 c0 a8 
24 1e 6f 6c 79 6d 70 69 63 73 00 00 00 00 00 00 
00 00 00 00 00 00 00 00 00 00 00 00 

00 04 75 8d 49 c7 00 aa 00 30 91 09 08 00 45 00 
00 1c 02 6f 20 00 80 06 4e de c0 a8 24 20 c0 a8 
24 1e 04 26 00 15 cb 35 9c 43 00 00 00 00 00 00 
00 00 00 00 00 00 00 00 00 00 00 00 

00 aa 00 30 91 0d 00 04 75 8d 49 c7 08 00 45 00 
00 3c 6d b9 40 00 40 06 03 74 c0 a8 24 1e c0 a8 
24 20 00 14 04 29 5e 8a b9 c1 00 00 00 00 a0 02 
16 d0 76 9d 00 00 02 04 05 b4 04 02 08 0a 00 09 
d4 78 00 00 00 00 01 03 03 00 

00 aa 00 30 91 0d 00 04 75 8d 49 c7 08 00 45 00 
00 28 94 72 40 00 40 06 dc ce c0 a8 24 1e c0 a8 
24 20 00 15 04 26 5d c5 29 fa cb 35 9c 5d 50 10 
16 d0 db e7 00 00 00 00 00 00 00 00 

00 04 75 8d 49 c7 00 aa 00 30 91 09 08 00 45 00 
00 18 02 70 00 05 80 06 6e dc c0 a8 24 20 c0 a8 
24 1e 01 01 04 02 00 00 00 00 00 00 00 00 00 00 
00 00 00 00 00 00 00 00 00 00 00 00 

00 04 75 8d 49 c7 00 aa 00 30 91 09 08 00 45 00 
00 1c 02 70 20 01 80 06 4e dc c0 a8 24 20 c0 a8 
24 1e 5e 8a b9 c2 b0 12 44 70 00 00 00 00 00 00 
00 00 00 00 00 00 00 00 00 00 00 00 

00 04 75 8d 49 c7 00 aa 00 30 91 09 08 00 45 00 
00 1c 02 70 20 02 80 06 4e db c0 a8 24 20 c0 a8 
24 1e ba 97 00 00 02 04 05 b4 00 00 00 00 00 00 
00 00 00 00 00 00 00 00 00 00 00 00 

00 04 75 8d 49 c7 00 aa 00 30 91 09 08 00 45 00 
00 1c 02 70 20 03 80 06 4e da c0 a8 24 20 c0 a8 
24 1e 01 03 03 00 01 01 08 0a 00 00 00 00 00 00 
00 00 00 00 00 00 00 00 00 00 00 00 

00 04 75 8d 49 c7 00 aa 00 30 91 09 08 00 45 00 
00 1c 02 70 20 04 80 06 4e d9 c0 a8 24 20 c0 a8 
24 1e 00 00 00 00 00 00 00 00 00 00 00 00 00 00 
00 00 00 00 00 00 00 00 00 00 00 00 

00 04 75 8d 49 c7 00 aa 00 30 91 09 08 00 45 00 
00 1c 02 70 20 00 80 06 4e dd c0 a8 24 20 c0 a8 
24 1e 04 29 00 14 cb 76 85 59 00 00 00 00 00 00 
00 00 00 00 00 00 00 00 00 00 00 00 

00 aa 00 30 91 0d 00 04 75 8d 49 c7 08 00 45 00 
00 34 6d ba 40 00 40 06 03 7b c0 a8 24 1e c0 a8 
24 20 00 14 04 29 5e 8a b9 c2 cb 76 85 5a 80 10 
16 d0 54 6b 00 00 01 01 08 0a 00 09 d4 8e 00 00 
00 00 

00 aa 00 30 91 0d 00 04 75 8d 49 c7 08 00 45 00 
00 76 94 73 40 00 40 06 dc 7f c0 a8 24 1e c0 a8 
24 20 00 15 04 26 5d c5 29 fa cb 35 9c 5d 50 18 
16 d0 58 09 00 00 31 35 30 20 4f 70 65 6e 69 6e 
67 20 41 53 43 49 49 20 6d 6f 64 65 20 64 61 74 
61 20 63 6f 6e 6e 65 63 74 69 6f 6e 20 66 6f 72 
20 72 65 64 6e 65 63 6b 6f 6c 79 6d 70 69 63 73 
2e 6a 70 67 20 28 31 39 35 36 20 62 79 74 65 73 
29 2e 0d 0a 

00 aa 00 30 91 0d 00 04 75 8d 49 c7 08 00 45 00 
05 dc 6d bb 40 00 40 06 fd d1 c0 a8 24 1e c0 a8 
24 20 00 14 04 29 5e 8a b9 c2 cb 76 85 5a 80 10 
16 d0 65 10 00 00 01 01 08 0a 00 09 d4 8f 00 00 
00 00 ff d8 ff e0 00 10 4a 46 49 46 00 01 02 00 
00 64 00 64 00 00 ff ec 00 11 44 75 63 6b 79 00 
01 00 04 00 00 00 1e 00 00 ff ee 00 0e 41 64 6f 
62 65 00 64 c0 00 00 00 01 ff db 00 84 00 10 0b 
0b 0b 0c 0b 10 0c 0c 10 17 0f 0d 0f 17 1b 14 10 
10 14 1b 1f 17 17 17 17 17 1f 1e 17 1a 1a 1a 1a 
17 1e 1e 23 25 27 25 23 1e 2f 2f 33 33 2f 2f 40 
40 40 40 40 40 40 40 40 40 40 40 40 40 40 01 11 
0f 0f 11 13 11 15 12 12 15 14 11 14 11 14 1a 14 
16 16 14 1a 26 1a 1a 1c 1a 1a 26 30 23 1e 1e 1e 
1e 23 30 2b 2e 27 27 27 2e 2b 35 35 30 30 35 35 
40 40 3f 40 40 40 40 40 40 40 40 40 40 40 40 ff 
c0 00 11 08 00 46 00 46 03 01 22 00 02 11 01 03 
11 01 ff c4 00 92 00 00 01 05 01 00 00 00 00 00 
00 00 00 00 00 00 00 00 01 03 04 05 06 02 01 00 
03 01 01 00 00 00 00 00 00 00 00 00 00 00 00 00 
02 03 01 04 10 00 02 01 03 03 02 04 03 05 04 0d 
0a 03 00 00 00 00 01 02 03 00 11 04 21 12 05 31 
13 41 51 22 32 61 81 06 71 42 23 14 15 91 b1 62 
82 f0 a1 52 92 a2 b2 33 43 b3 24 16 26 36 11 00 
01 03 03 02 03 07 05 00 00 00 00 00 00 00 00 01 
00 11 02 21 12 03 31 51 41 71 42 61 81 22 32 52 
a2 c2 a1 c1 62 82 13 ff da 00 0c 03 01 00 02 11 
03 11 00 3f 00 c6 45 0c 26 08 d9 a2 25 88 62 5a 
e4 06 f5 6d 03 cb 4a b5 9f 81 81 78 95 c8 8e 27 
39 41 c7 71 46 ef 6b 90 14 2d f4 3a 1a 95 c4 24 
59 1c 2e 2e 3c 8a 64 53 35 dc 0b 7a 41 76 dd f2 
b0 ad 0c d8 f8 f3 65 44 12 e8 83 d4 42 da ee 09 
5f 13 fd 93 6b 54 ae 69 1d 78 aa 0c 6e 09 7d 5b 
ea b2 d8 fc 36 24 b8 fd df cb dd 96 db c6 e7 16 
27 c3 53 fb 6b a8 78 0c 69 1d 63 ed 58 cc c0 46 
c4 b0 d0 eb 7f 76 b5 67 93 da c0 96 7c 75 72 43 
30 77 70 4f b5 bd dd 7c ee 74 ab 7e 35 60 8f 09 
9d a2 0e f0 ac 89 13 1d 4d 9d ac 2f f6 2d 63 4a 
9e 23 e2 3b ac 10 15 d6 82 ab 36 bf 4d e2 1c 70 
52 16 92 57 76 40 d7 65 8c 6c 2c 0e bb bc 45 30 
bf 4f 62 b4 a6 32 6c 63 0c 5c 80 ed 7f 14 d6 fe 
35 a9 8f 2e 14 84 c6 0b 03 dc 55 54 37 6b aa 9b 
9b fe ca 7f 23 35 1a 63 3c 20 76 99 a3 8a 28 95 
86 d2 50 92 c7 4e 83 e3 41 24 1a 92 2a d5 4c 20 
08 0d b2 c9 fe 81 86 e2 67 82 1e e2 e3 91 bc ee 
65 d1 ba 36 a6 9a c8 e2 78 d8 14 b9 8c db 68 2a 
09 60 6f 6d 7e f5 69 b3 8e 26 2c 22 19 52 d3 32 
85 1d b6 f4 9d 59 89 72 a3 5b 0b 53 9c 8c f8 bc 
8c 4a c8 a4 05 85 04 6a 07 46 7d 4b 33 0e ba e9 
41 05 ae 79 37 34 a6 1c 06 ab 07 26 26 30 c8 85 
02 8d ac ce 19 6e de 00 11 fb e8 ad 37 25 89 81 
1e 4f 0c ca a4 45 32 65 6f 7d 75 db 1a aa c9 6b 
7b b7 7a a8 a7 63 bf 4e e9 18 fd bb d5 6f 17 2f 
6b 8a c7 64 16 6d e6 e4 7d eb b3 5e ff 00 60 a9 
f9 bc b3 62 e4 e3 ae f0 21 2e 4b 9b 02 36 b5 b5 
d2 aa 70 e5 64 e2 f1 ad 72 ca c5 a3 20 fb 4a c9 
ea 07 cc 10 6a 6b c7 16 49 9b 21 82 88 63 50 aa 
4f 92 b2 df fa a9 08 ab 9d ca e9 07 c0 1b 60 93 
90 c9 b0 49 e6 b6 f7 b3 30 55 3a 8d db 96 ff 00 
cb 53 78 9c b2 fc 7c b9 49 ed de e8 80 b1 b9 d1 
7e ef 4e 9a d3 53 e3 09 d2 22 c1 b6 02 1a 33 b4 
90 cb 62 3e 63 4a 9b c6 63 76 19 c6 d0 b1 39 93 
6a b0 00 5d 87 bf 6f 9d a8 13 8b 07 dd 00 34 9c 
8b 87 11 ba 81 1e 54 a5 5a 45 6b 1b 3f b4 7f ba 
74 f0 fb 29 f8 a7 54 58 7d 40 47 18 66 37 1e e2 
14 af 87 c4 53 8b 86 ca 91 c6 59 14 c6 c4 9d ba 
de c3 43 e1 e3 51 a6 c1 c9 2a 2e bd c3 18 26 e3 
4d db 81 f6 fc 75 ac 39 23 22 01 6a 20 46 51 72 
03 39 4b 9b 96 f3 62 47 9c 06 dc 84 94 82 ca 0e 
aa 46 9b 7c ed 4e c7 96 c8 b2 e3 c1 62 81 74 24 
7a ae 17 cc 91 f7 af 4d 76 1a 38 49 99 5c 46 81 
4c 62 f7 f6 06 67 d3 e2 40 a6 8a ab cb 23 2b 00 
f6 25 c3 68 09 24 b2 1f b0 de ad 19 e3 10 a8 7d 
69 af 25 29 5e ea 77 25 8d 96 d9 bc 2e 11 96 f3 
24 79 7b 7d 20 6d 63 0d 0a c8 47 c4 13 a5 15 0b 
2b 90 ce 6e 77 07 25 9d 7b c9 de 28 fb 7d 17 31 
0b 8d b7 e9 45 37 f4 8f c9 25 92 df b3 bd 57 e0 
04 3c 76 38 d5 9f d6 54 2f 5b 96 6b 83 f2 17 ab 
0c 5e 29 e4 44 39 04 28 52 58 80 2c de ad 6c 6b 
ae 01 6d c5 e3 3e d1 a1 76 bd b5 be f6 5f dd 56 
57 62 7e 75 c7 3c 84 12 06 e5 76 63 83 c4 3e c1 
4b 80 2c 91 08 41 d8 40 fc 33 d2 d6 fb b5 dc 58 
32 3d 98 be 82 f7 20 6e 17 1a 5a f5 55 94 ee 8c 
8c 3a 2f f9 81 bd 39 2f 21 98 92 46 d2 30 ec 1d 
4c 40 9b 9b 0f 87 85 36 28 89 6a 04 b9 95 99 09 
1a 1b 7b 54 a9 30 67 4f 51 51 b5 4f 5b 8d 7e 55 
c5 98 81 6e bd 6c 7e 15 ca 72 b1 a2 ed 8d fb 72 
9f 6a a8 0c c0 13 ad fc 05 2a e4 b4 a3 73 be f2 
ba 78 12 07 95 d4 6b 4b 96 11 12 a1 7e 4b 71 ca 
44 54 37 34 86 49 15 81 bf 8d f6 f8 52 bb c1 2a 
98 e6 8c 3a 91 66 f3 b7 ca 87 00 8b fe ea 42 2f 
fd 35 a4 64 c6 2f aa ae cb 58 57 9d e3 e5 b0 31 
bc 93 c9 b3 4b 05 ed a7 a2 d7 e9 a7 9d 15 c6 6a 
8f d6 38 dd 0e bd fd 7e 1b 05 15 6b 8b 7e 9f 25 
0f e6 1d bf 36 f6 ba ef e9 fb 

00 aa 00 30 91 0d 00 04 75 8d 49 c7 08 00 45 00 
02 32 6d bc 40 00 40 06 01 7b c0 a8 24 1e c0 a8 
24 20 00 14 04 29 5e 8a bf 6a cb 76 85 5a 80 18 
16 d0 e2 23 00 00 01 01 08 0a 00 09 d4 8f 00 00 
00 00 7e 8f 8f fc ff 00 f2 3d 58 93 61 7a 8f f4 
df 17 95 2f 03 8b 92 a5 16 29 0b aa 16 6b 6b dc 
75 d7 4f 85 5a 7e 91 94 d7 51 24 3a 7b bf 10 7d 
b5 39 e3 9d d2 36 9f 31 56 86 48 08 44 19 0f 28 
55 f3 48 15 59 95 49 da 09 da 3a 9a a8 29 9f 34 
45 62 0e 22 90 92 a8 74 b0 f2 bd 69 bf 48 c8 05 
41 78 ef 27 b4 ee 36 3e 1d 6d 5d 2f 0f 93 62 16 
48 4f d9 20 d2 f4 46 33 8f 41 41 c9 03 d6 02 cb 
e2 71 a5 19 4e 49 60 6f ed db 75 3a f4 b8 ab b4 
50 8b b4 0b 01 e0 3a 54 c7 e1 b3 23 28 19 e2 5e 
e5 f6 12 fa 1b 7c 6d 6a 07 15 94 18 2f 72 1b 9e 
9e bb f5 e9 ad ad 73 44 a3 92 45 cc 4a d1 3c 63 
a8 28 52 2a dc 10 2c d7 16 f0 a5 b5 86 b7 eb a5 
bc 2a 5b 70 f9 07 61 2f 17 a9 ac be be ac 3e 54 
bf a4 e4 93 b3 bb 0e ee 84 77 3a 5a df 0f 8d 03 
1c fd 25 07 26 3f 50 54 39 a0 fe b1 c6 dc e9 f8 
f6 fe e5 15 33 91 e2 b2 e3 e6 f8 88 d8 c7 79 86 
49 8d 83 7a 6c 91 06 24 9b 79 51 54 b6 4d a7 4f 
c9 4a f8 5d a8 f3 bf b5 27 03 c9 72 90 7d 31 89 
17 e8 bf 9b c2 56 7e de 47 e6 a3 8b 7b 19 64 3e 
c2 0b 0b 35 c5 48 5e 5f 2e e9 6f a7 bd 57 1b 3f 
ef 25 fa 69 6f 4d 14 57 42 e5 4e b7 2f ca 18 00 
ff 00 c7 88 8a c7 69 fc ea 6d f7 37 f0 da f7 dd 
6f 9d 34 bc be 6f 71 8a 7d 3f d4 0d 17 36 3b 0d 
0d ed 64 f2 eb 45 14 21 4c 7e 63 98 ed a6 ff 00 
a7 53 65 86 dd d9 d0 f4 b2 75 ba f9 6d a8 b1 f2 
fc 81 8b f0 be 9f b2 59 80 ff 00 bb 1d ba 0d c7 
54 eb d2 8a 28 42 56 e6 39 0e df ff 00 3d e8 ee 
35 ad 9c 9f ea 6d 17 b5 97 ca b8 1c be 6d 8f fe 
bc 6d fc 59 ab 6f f1 2d 14 50 85 13 92 e4 39 87 
cc e1 5a 5e 20 c4 62 8b 28 63 c7 f9 98 d8 ce ad 
08 0e 77 05 f4 6c 1a eb d7 a5 14 51 42 17 ff d9 


00 aa 00 30 91 0d 00 04 75 8d 49 c7 08 00 45 00 
00 34 6d bd 40 00 40 06 03 78 c0 a8 24 1e c0 a8 
24 20 00 14 04 29 5e 8a c1 68 cb 76 85 5a 80 11 
16 d0 4c c3 00 00 01 01 08 0a 00 09 d4 8f 00 00 
00 00 

00 04 75 8d 49 c7 00 aa 00 30 91 09 08 00 45 00 
00 1c 02 71 00 03 80 06 6e d9 c0 a8 24 20 c0 a8 
24 1e 00 00 3a 4f 00 09 d4 8f 00 00 00 00 00 00 
00 00 00 00 00 00 00 00 00 00 00 00 

00 04 75 8d 49 c7 00 aa 00 30 91 09 08 00 45 00 
00 1c 02 71 20 01 80 06 4e db c0 a8 24 20 c0 a8 
24 1e 5e 8a c1 69 80 10 44 70 00 00 00 00 00 00 
00 00 00 00 00 00 00 00 00 00 00 00 

00 04 75 8d 49 c7 00 aa 00 30 91 09 08 00 45 00 
00 1c 02 71 20 02 80 06 4e da c0 a8 24 20 c0 a8 
24 1e e4 d3 00 00 01 01 08 0a 00 00 00 00 00 00 
00 00 00 00 00 00 00 00 00 00 00 00 

00 04 75 8d 49 c7 00 aa 00 30 91 09 08 00 45 00 
00 1c 02 71 20 00 80 06 4e dc c0 a8 24 20 c0 a8 
24 1e 04 29 00 14 cb 76 85 5a 00 00 00 00 00 00 
00 00 00 00 00 00 00 00 00 00 00 00 

00 04 75 8d 49 c7 00 aa 00 30 91 09 08 00 45 00 
00 1c 02 72 00 03 80 06 6e d8 c0 a8 24 20 c0 a8 
24 1e 00 00 3a 4f 00 09 d4 8f 00 00 00 00 00 00 
00 00 00 00 00 00 00 00 00 00 00 00 

00 04 75 8d 49 c7 00 aa 00 30 91 09 08 00 45 00 
00 1c 02 72 20 01 80 06 4e da c0 a8 24 20 c0 a8 
24 1e 5e 8a c1 69 80 11 44 70 00 00 00 00 00 00 
00 00 00 00 00 00 00 00 00 00 00 00 

00 04 75 8d 49 c7 00 aa 00 30 91 09 08 00 45 00 
00 1c 02 72 20 02 80 06 4e d9 c0 a8 24 20 c0 a8 
24 1e e4 d2 00 00 01 01 08 0a 00 00 00 00 00 00 
00 00 00 00 00 00 00 00 00 00 00 00 

00 04 75 8d 49 c7 00 aa 00 30 91 09 08 00 45 00 
00 1c 02 72 20 00 80 06 4e db c0 a8 24 20 c0 a8 
24 1e 04 29 00 14 cb 76 85 5a 00 00 00 00 00 00 
00 00 00 00 00 00 00 00 00 00 00 00 

00 aa 00 30 91 0d 00 04 75 8d 49 c7 08 00 45 00 
00 34 6d be 40 00 40 06 03 77 c0 a8 24 1e c0 a8 
24 20 00 14 04 29 5e 8a c1 69 cb 76 85 5b 80 10 
16 d0 12 5e 00 00 01 01 08 0a 00 09 d4 a4 00 00 
3a 4f 

00 04 75 8d 49 c7 00 aa 00 30 91 09 08 00 45 00 
00 18 02 73 00 02 80 06 6e dc c0 a8 24 20 c0 a8 
24 1e b3 4f 00 00 00 00 00 00 00 00 00 00 00 00 
00 00 00 00 00 00 00 00 00 00 00 00 

00 04 75 8d 49 c7 00 aa 00 30 91 09 08 00 45 00 
00 1c 02 73 20 01 80 06 4e d9 c0 a8 24 20 c0 a8 
24 1e 5d c5 2a 48 50 10 3f 1a 00 00 00 00 00 00 
00 00 00 00 00 00 00 00 00 00 00 00 

00 04 75 8d 49 c7 00 aa 00 30 91 09 08 00 45 00 
00 1c 02 73 20 00 80 06 4e da c0 a8 24 20 c0 a8 
24 1e 04 26 00 15 cb 35 9c 5d 00 00 00 00 00 00 
00 00 00 00 00 00 00 00 00 00 00 00 

00 aa 00 30 91 0d 00 04 75 8d 49 c7 08 00 45 00 
00 40 94 74 40 00 40 06 dc b4 c0 a8 24 1e c0 a8 
24 20 00 15 04 26 5d c5 2a 48 cb 35 9c 5d 50 18 
16 d0 0c 84 00 00 32 32 36 20 54 72 61 6e 73 66 
65 72 20 63 6f 6d 70 6c 65 74 65 2e 0d 0a 

00 04 75 8d 49 c7 00 aa 00 30 91 09 08 00 45 00 
00 18 02 74 00 02 80 06 6e db c0 a8 24 20 c0 a8 
24 1e b3 4f 00 00 00 00 00 00 00 00 00 00 00 00 
00 00 00 00 00 00 00 00 00 00 00 00 

00 04 75 8d 49 c7 00 aa 00 30 91 09 08 00 45 00 
00 1c 02 74 20 01 80 06 4e d8 c0 a8 24 20 c0 a8 
24 1e 5d c5 2a 60 50 10 3f 02 00 00 00 00 00 00 
00 00 00 00 00 00 00 00 00 00 00 00 

00 04 75 8d 49 c7 00 aa 00 30 91 09 08 00 45 00 
00 1c 02 74 20 00 80 06 4e d9 c0 a8 24 20 c0 a8 
24 1e 04 26 00 15 cb 35 9c 5d 00 00 00 00 00 00 
00 00 00 00 00 00 00 00 00 00 00 00 

00 04 75 8d 49 c7 00 aa 00 30 91 09 08 00 45 00 
00 19 02 75 00 05 80 06 6e d6 c0 a8 24 20 c0 a8 
24 1e 2c 34 32 0d 0a 00 00 00 00 00 00 00 00 00 
00 00 00 00 00 00 00 00 00 00 00 00 

00 04 75 8d 49 c7 00 aa 00 30 91 09 08 00 45 00 
00 1c 02 75 20 01 80 06 4e d7 c0 a8 24 20 c0 a8 
24 1e 5d c5 2a 60 50 18 3f 02 00 00 00 00 00 00 
00 00 00 00 00 00 00 00 00 00 00 00 

00 04 75 8d 49 c7 00 aa 00 30 91 09 08 00 45 00 
00 1c 02 75 20 02 80 06 4e d6 c0 a8 24 20 c0 a8 
24 1e 2a b7 00 00 50 4f 52 54 00 00 00 00 00 00 
00 00 00 00 00 00 00 00 00 00 00 00 

00 04 75 8d 49 c7 00 aa 00 30 91 09 08 00 45 00 
00 1c 02 75 20 03 80 06 4e d5 c0 a8 24 20 c0 a8 
24 1e 20 31 39 32 2c 31 36 38 00 00 00 00 00 00 
00 00 00 00 00 00 00 00 00 00 00 00 

00 04 75 8d 49 c7 00 aa 00 30 91 09 08 00 45 00 
00 1c 02 75 20 04 80 06 4e d4 c0 a8 24 20 c0 a8 
24 1e 2c 33 36 2c 33 32 2c 34 00 00 00 00 00 00 
00 00 00 00 00 00 00 00 00 00 00 00 

00 04 75 8d 49 c7 00 aa 00 30 91 09 08 00 45 00 
00 1c 02 75 20 00 80 06 4e d8 c0 a8 24 20 c0 a8 
24 1e 04 26 00 15 cb 35 9c 5d 00 00 00 00 00 00 
00 00 00 00 00 00 00 00 00 00 00 00 

00 aa 00 30 91 0d 00 04 75 8d 49 c7 08 00 45 00 
00 28 94 75 40 00 40 06 dc cb c0 a8 24 1e c0 a8 
24 20 00 15 04 26 5d c5 2a 60 cb 35 9c 76 50 10 
16 d0 db 68 00 00 00 00 00 00 00 00 

00 aa 00 30 91 0d 00 04 75 8d 49 c7 08 00 45 00 
00 46 94 76 40 00 40 06 dc ac c0 a8 24 1e c0 a8 
24 20 00 15 04 26 5d c5 2a 60 cb 35 9c 76 50 18 
16 d0 1e 5b 00 00 32 30 30 20 50 4f 52 54 20 63 
6f 6d 6d 61 6e 64 20 73 75 63 63 65 73 73 66 75 
6c 2e 0d 0a 

00 04 75 8d 49 c7 00 aa 00 30 91 09 08 00 45 00 
00 1b 02 76 00 05 80 06 6e d3 c0 a8 24 20 c0 a8 
24 1e 74 2e 6a 70 67 0d 0a 00 00 00 00 00 00 00 
00 00 00 00 00 00 00 00 00 00 00 00 

00 04 75 8d 49 c7 00 aa 00 30 91 09 08 00 45 00 
00 1c 02 76 20 01 80 06 4e d6 c0 a8 24 20 c0 a8 
24 1e 5d c5 2a 7e 50 18 3e e4 00 00 00 00 00 00 
00 00 00 00 00 00 00 00 00 00 00 00 

00 04 75 8d 49 c7 00 aa 00 30 91 09 08 00 45 00 
00 1c 02 76 20 02 80 06 4e d5 c0 a8 24 20 c0 a8 
24 1e ab 80 00 00 52 45 54 52 00 00 00 00 00 00 
00 00 00 00 00 00 00 00 00 00 00 00 

00 04 75 8d 49 c7 00 aa 00 30 91 09 08 00 45 00 
00 1c 02 76 20 03 80 06 4e d4 c0 a8 24 20 c0 a8 
24 1e 20 72 65 64 6e 65 63 6b 00 00 00 00 00 00 
00 00 00 00 00 00 00 00 00 00 00 00 

00 04 75 8d 49 c7 00 aa 00 30 91 09 08 00 45 00 
00 1c 02 76 20 04 80 06 4e d3 c0 a8 24 20 c0 a8 
24 1e 70 61 6c 6d 70 69 6c 6f 00 00 00 00 00 00 
00 00 00 00 00 00 00 00 00 00 00 00 

00 04 75 8d 49 c7 00 aa 00 30 91 09 08 00 45 00 
00 1c 02 76 20 00 80 06 4e d7 c0 a8 24 20 c0 a8 
24 1e 04 26 00 15 cb 35 9c 76 00 00 00 00 00 00 
00 00 00 00 00 00 00 00 00 00 00 00 

00 aa 00 30 91 0d 00 04 75 8d 49 c7 08 00 45 00 
00 3c 25 22 40 00 40 06 4c 0b c0 a8 24 1e c0 a8 
24 20 00 14 04 2a 5e 8a f2 86 00 00 00 00 a0 02 
16 d0 3a ab 00 00 02 04 05 b4 04 02 08 0a 00 09 
d7 a4 00 00 00 00 01 03 03 00 

00 aa 00 30 91 0d 00 04 75 8d 49 c7 08 00 45 00 
00 28 94 77 40 00 40 06 dc c9 c0 a8 24 1e c0 a8 
24 20 00 15 04 26 5d c5 2a 7e cb 35 9c 91 50 10 
16 d0 db 2f 00 00 00 00 00 00 00 00 

00 04 75 8d 49 c7 00 aa 00 30 91 09 08 00 45 00 
00 18 02 77 00 05 80 06 6e d5 c0 a8 24 20 c0 a8 
24 1e 01 01 04 02 00 00 00 00 00 00 00 00 00 00 
00 00 00 00 00 00 00 00 00 00 00 00 

00 04 75 8d 49 c7 00 aa 00 30 91 09 08 00 45 00 
00 1c 02 77 20 01 80 06 4e d5 c0 a8 24 20 c0 a8 
24 1e 5e 8a f2 87 b0 12 44 70 00 00 00 00 00 00 
00 00 00 00 00 00 00 00 00 00 00 00 

00 04 75 8d 49 c7 00 aa 00 30 91 09 08 00 45 00 
00 1c 02 77 20 02 80 06 4e d4 c0 a8 24 20 c0 a8 
24 1e 00 09 00 00 02 04 05 b4 00 00 00 00 00 00 
00 00 00 00 00 00 00 00 00 00 00 00 

00 04 75 8d 49 c7 00 aa 00 30 91 09 08 00 45 00 
00 1c 02 77 20 03 80 06 4e d3 c0 a8 24 20 c0 a8 
24 1e 01 03 03 00 01 01 08 0a 00 00 00 00 00 00 
00 00 00 00 00 00 00 00 00 00 00 00 

00 04 75 8d 49 c7 00 aa 00 30 91 09 08 00 45 00 
00 1c 02 77 20 04 80 06 4e d2 c0 a8 24 20 c0 a8 
24 1e 00 00 00 00 00 00 00 00 00 00 00 00 00 00 
00 00 00 00 00 00 00 00 00 00 00 00 

00 04 75 8d 49 c7 00 aa 00 30 91 09 08 00 45 00 
00 1c 02 77 20 00 80 06 4e d6 c0 a8 24 20 c0 a8 
24 1e 04 2a 00 14 cb 7d 07 1b 00 00 00 00 00 00 
00 00 00 00 00 00 00 00 00 00 00 00 

00 aa 00 30 91 0d 00 04 75 8d 49 c7 08 00 45 00 
00 34 25 23 40 00 40 06 4c 12 c0 a8 24 1e c0 a8 
24 20 00 14 04 2a 5e 8a f2 87 cb 7d 07 1c 80 10 
16 d0 96 b1 00 00 01 01 08 0a 00 09 d7 b9 00 00 
00 00 

00 aa 00 30 91 0d 00 04 75 8d 49 c7 08 00 45 00 
00 77 94 78 40 00 40 06 dc 79 c0 a8 24 1e c0 a8 
24 20 00 15 04 26 5d c5 2a 7e cb 35 9c 91 50 18 
16 d0 5e ee 00 00 31 35 30 20 4f 70 65 6e 69 6e 
67 20 41 53 43 49 49 20 6d 6f 64 65 20 64 61 74 
61 20 63 6f 6e 6e 65 63 74 69 6f 6e 20 66 6f 72 
20 72 65 64 6e 65 63 6b 70 61 6c 6d 70 69 6c 6f 
74 2e 6a 70 67 20 28 31 35 36 31 20 62 79 74 65 
73 29 2e 0d 0a 

00 aa 00 30 91 0d 00 04 75 8d 49 c7 08 00 45 00 
05 dc 25 24 40 00 40 06 46 69 c0 a8 24 1e c0 a8 
24 20 00 14 04 2a 5e 8a f2 87 cb 7d 07 1c 80 10 
16 d0 0f c7 00 00 01 01 08 0a 00 09 d7 ba 00 00 
00 00 ff d8 ff e0 00 10 4a 46 49 46 00 01 02 00 
00 64 00 64 00 00 ff ec 00 11 44 75 63 6b 79 00 
01 00 04 00 00 00 1e 00 00 ff ee 00 0e 41 64 6f 
62 65 00 64 c0 00 00 00 01 ff db 00 84 00 10 0b 
0b 0b 0c 0b 10 0c 0c 10 17 0f 0d 0f 17 1b 14 10 
10 14 1b 1f 17 17 17 17 17 1f 1e 17 1a 1a 1a 1a 
17 1e 1e 23 25 27 25 23 1e 2f 2f 33 33 2f 2f 40 
40 40 40 40 40 40 40 40 40 40 40 40 40 40 01 11 
0f 0f 11 13 11 15 12 12 15 14 11 14 11 14 1a 14 
16 16 14 1a 26 1a 1a 1c 1a 1a 26 30 23 1e 1e 1e 
1e 23 30 2b 2e 27 27 27 2e 2b 35 35 30 30 35 35 
40 40 3f 40 40 40 40 40 40 40 40 40 40 40 40 ff 
c0 00 11 08 00 46 00 46 03 01 22 00 02 11 01 03 
11 01 ff c4 00 99 00 00 03 01 01 01 01 00 00 00 
00 00 00 00 00 00 00 00 04 05 03 06 02 01 01 00 
03 01 01 00 00 00 00 00 00 00 00 00 00 00 00 01 
03 04 00 02 10 00 02 01 03 03 01 04 05 09 03 0d 
00 00 00 00 00 01 02 03 00 11 04 21 12 05 41 31 
51 32 13 61 71 81 b1 22 91 a1 d1 62 72 23 33 24 
06 a2 54 15 e1 42 52 82 92 b2 d2 73 83 a3 b3 14 
16 11 00 01 03 02 03 06 03 09 00 00 00 00 00 00 
00 00 01 00 11 02 21 31 41 12 03 f0 51 61 71 81 
a1 91 b1 62 c1 d1 f1 22 32 52 82 13 04 ff da 00 
0c 03 01 00 02 11 03 11 00 3f 00 4f f4 ff 00 01 
c3 e6 71 18 f9 39 38 fe 64 cf bf 73 6f 75 bd 9d 
94 68 ac 07 60 aa 3f f9 5f d3 ff 00 ba 7f b9 2f 
f8 eb 3f d2 cd 6e 0b 14 7f 99 ff 00 23 d5 47 7d 
34 ac 96 49 7b a8 1c 87 e9 fe 1a 1d 8b 16 30 4d 
c7 c5 e6 48 4f c8 5e 93 1c 67 17 19 11 3e 1a bb 
9b 95 90 c9 28 bf a2 c1 c5 52 c8 50 e6 55 73 f7 
80 dc 37 ba b1 50 b9 10 02 4d a5 5e bd cc 29 12 
94 9c b1 65 5c 34 e3 90 3d 71 75 f3 1b 86 e0 72 
15 94 e1 84 9d 47 87 cc 96 c7 d2 3e 3a 5f 37 80 
e3 d6 22 21 81 96 52 40 05 59 89 fd b6 b5 31 13 
bf c3 28 36 95 0d 88 f4 8e 95 56 29 d2 68 c3 0d 
41 e8 69 90 93 8a dd 27 56 19 4b 8b 15 c8 af 0f 
0b 02 44 72 8d 2e a1 a2 65 1d 74 fc 4b d6 b8 dc 
56 1e e6 49 b1 e4 2d 7d 0b 06 55 1a 76 5c 39 bd 
75 4c b1 ff 00 44 7c 95 84 85 40 d0 01 ea ae 92 
dd 72 92 f1 f8 ab c9 c3 8e 22 b4 6f bb 72 5d b5 
b2 ee ef bd 14 cc d2 0f e3 78 cd f5 e4 1f b2 05 
14 1e 9b 6f 45 fc 95 0e 1b 3d 30 f8 4c 42 c8 5f 
71 93 b0 da c0 3b 12 6a 96 56 7b 26 d4 88 0d cc 
6d 73 a8 a8 58 49 bf 83 c4 1d e6 55 fe d1 90 55 
16 5f 37 1e 37 fe 76 d5 60 7d 36 ac 5c b8 08 06 
13 ad 9d 78 39 45 f2 55 66 01 5e d6 b8 ec 22 be 
ed 58 b2 86 ed 12 6f 0f 76 f1 f4 8a f3 91 8f e7 
c6 b2 c5 f8 f1 ea be ce 86 bd 64 1f e2 1c 79 10 
e9 30 b1 5e f5 75 37 a9 cb 93 55 5c 68 18 5a e1 
78 98 c7 0e 6a a1 d1 67 06 c3 a6 e5 fe 4a db 1d 
fc a9 5a 30 6c ad f1 01 e9 eb 4b e7 24 03 c9 39 
0d 0a 5e 45 6b ae dd 35 03 53 da 2b d4 db 35 28 
47 98 9a e8 75 1e ba c1 c3 15 a7 1c d1 21 50 69 
05 b5 34 a4 d9 11 f6 6e 04 f7 0d 4f cd 49 b4 ef 
38 08 87 56 d3 db 57 30 30 31 b1 a1 f3 25 b1 da 
2e c4 fd 34 c9 4d ac 93 a5 a3 9c 97 2c 02 e3 a5 
59 87 21 03 14 6b 97 76 02 dd 3b 7d d4 55 0c 8e 
63 1a 4e 7f 16 6d 96 c4 85 a4 50 7a b0 65 da 5b 
d5 45 07 93 7e 3e d4 7f 5e 9f dd 4c d9 7a 6f f1 
5a f1 88 cf c1 e2 84 05 98 3b 1b 0d 4f 8d e9 bc 
67 90 43 e5 b2 db cb 3b 45 25 c5 02 78 48 cd fc 
21 c8 b7 db 6a 77 1b e2 88 f5 21 8f d3 4d c5 20 
dd 6f 88 e5 64 31 ed f1 ea 3d 74 dc 1c 7a 63 c6 
ec 34 2e c5 cd fd 35 3c 96 8d c4 8b da a6 f5 6a 
07 19 30 06 07 b4 6a 29 5a 82 bc d5 7f ce 5e 24 
1b 85 cc b6 54 19 ac c3 25 54 c4 18 79 40 5f 71 
bd c0 f0 9e a0 5c d7 b8 31 62 91 c0 8e 4b a7 8d 
ed e2 6b 9f 85 4f d5 aa d9 18 10 c9 65 31 8b 29 
27 4d 3b 74 27 4a 5f 17 8c d9 96 5e 22 6c 54 2b 
06 d7 e1 1d 96 ac e1 a8 e3 86 0b ac a5 eb 55 f3 
1f 89 5f fb 6b 3a 5f 68 06 eb f5 8f 61 a6 b9 75 
78 f8 e7 b1 ed d0 fa aa d6 36 3a c7 1d d7 da c6 
a0 7e a3 9c b8 f2 d7 b0 de fe 9b 50 01 c8 46 6d 
18 48 d9 d7 1d 22 7e 62 11 df bb dd 45 6b 2a fe 
6f 1c 7d bf 75 14 d6 51 7b 95 5e 21 58 f0 d1 85 
ea 24 d3 fa cd 5b e0 3d d1 c7 6e a0 fc a2 97 e1 
18 8e 32 11 d3 e2 fe fb 51 c6 b4 8b 2c c8 4e 8a 
6d 6f 51 61 7a 24 b1 40 e2 a8 38 b8 a3 13 35 b0 
e5 b3 7e 13 1d 7d 14 16 ac 66 50 c0 de 84 98 85 
d4 26 61 20 42 e8 bc d8 66 5d c9 d6 b2 0c b1 b6 
f6 60 ba 75 ae 76 1c f9 31 7e ed 9f 43 e0 b9 d4 
d3 50 e5 19 0f 80 ca dd e4 fc 35 3b b5 d5 87 5a 
24 52 fb 60 ab cb ca c6 ca 52 19 01 3d 84 03 50 
39 1c 8f 39 d8 93 e1 d2 9b 9e 39 a4 1a b8 00 f6 
04 00 7c e6 a2 72 32 b4 72 15 17 db 65 1b bb d8 
0d 6b a8 48 3a 46 ac a5 20 c9 59 9b f3 78 e7 ed 
fb a8 a5 a4 94 99 e2 37 ec dd af ac 51 4e cd 4e 
89 38 74 4f f1 93 e6 a6 14 6b 16 2f 9a 83 75 9f 
cc 55 bf c4 7a 1a f5 06 46 68 ca c9 64 c3 bb 1d 
9b d3 cd 51 b4 81 df d6 f4 51 5b 7d 96 38 d9 36 
72 f9 5d a3 76 06 9d 2f 32 5f 

00 aa 00 30 91 0d 00 04 75 8d 49 c7 08 00 45 00 
00 a6 25 25 40 00 40 06 4b 9e c0 a8 24 1e c0 a8 
24 20 00 14 04 2a 5e 8a f8 2f cb 7d 07 1c 80 18 
16 d0 cd 3d 00 00 01 01 08 0a 00 09 d7 ba 00 00 
00 00 e9 ac db 2b 92 fd c6 df ea ad 14 50 a7 0e 
e8 53 87 74 a6 4c f9 67 c7 8a 15 ba 13 22 9d 6b 
7c 7c bc 91 1a 85 c0 66 20 78 96 6b 5f d8 05 14 
52 e4 de 9e eb b8 70 cb b7 34 e4 39 b9 f7 6d bc 
65 fb 2f bb 21 6f ec dc 29 2e 4b 2a 77 56 f3 f0 
44 63 af df 2b 7b 85 14 57 3f 2b 8f a2 fe a4 ea 
e5 f8 32 88 4b 6f 52 54 f5 b0 be b4 51 45 50 93 
e0 bf ff d9 

00 aa 00 30 91 0d 00 04 75 8d 49 c7 08 00 45 00 
00 34 25 26 40 00 40 06 4c 0f c0 a8 24 1e c0 a8 
24 20 00 14 04 2a 5e 8a f8 a1 cb 7d 07 1c 80 11 
16 d0 90 95 00 00 01 01 08 0a 00 09 d7 ba 00 00 
00 00 

00 04 75 8d 49 c7 00 aa 00 30 91 09 08 00 45 00 
00 1c 02 78 00 03 80 06 6e d2 c0 a8 24 20 c0 a8 
24 1e 00 00 3a 5e 00 09 d7 ba 00 00 00 00 00 00 
00 00 00 00 00 00 00 00 00 00 00 00 

00 04 75 8d 49 c7 00 aa 00 30 91 09 08 00 45 00 
00 1c 02 78 20 01 80 06 4e d4 c0 a8 24 20 c0 a8 
24 1e 5e 8a f8 a2 80 10 44 70 00 00 00 00 00 00 
00 00 00 00 00 00 00 00 00 00 00 00 

00 04 75 8d 49 c7 00 aa 00 30 91 09 08 00 45 00 
00 1c 02 78 20 02 80 06 4e d3 c0 a8 24 20 c0 a8 
24 1e 28 97 00 00 01 01 08 0a 00 00 00 00 00 00 
00 00 00 00 00 00 00 00 00 00 00 00 

00 04 75 8d 49 c7 00 aa 00 30 91 09 08 00 45 00 
00 1c 02 78 20 00 80 06 4e d5 c0 a8 24 20 c0 a8 
24 1e 04 2a 00 14 cb 7d 07 1c 00 00 00 00 00 00 
00 00 00 00 00 00 00 00 00 00 00 00 

00 04 75 8d 49 c7 00 aa 00 30 91 09 08 00 45 00 
00 1c 02 79 00 03 80 06 6e d1 c0 a8 24 20 c0 a8 
24 1e 00 00 3a 5e 00 09 d7 ba 00 00 00 00 00 00 
00 00 00 00 00 00 00 00 00 00 00 00 

00 04 75 8d 49 c7 00 aa 00 30 91 09 08 00 45 00 
00 1c 02 79 20 01 80 06 4e d3 c0 a8 24 20 c0 a8 
24 1e 5e 8a f8 a2 80 11 44 70 00 00 00 00 00 00 
00 00 00 00 00 00 00 00 00 00 00 00 

00 04 75 8d 49 c7 00 aa 00 30 91 09 08 00 45 00 
00 1c 02 79 20 02 80 06 4e d2 c0 a8 24 20 c0 a8 
24 1e 28 96 00 00 01 01 08 0a 00 00 00 00 00 00 
00 00 00 00 00 00 00 00 00 00 00 00 

00 04 75 8d 49 c7 00 aa 00 30 91 09 08 00 45 00 
00 1c 02 79 20 00 80 06 4e d4 c0 a8 24 20 c0 a8 
24 1e 04 2a 00 14 cb 7d 07 1c 00 00 00 00 00 00 
00 00 00 00 00 00 00 00 00 00 00 00 

00 aa 00 30 91 0d 00 04 75 8d 49 c7 08 00 45 00 
00 34 25 27 40 00 40 06 4c 0e c0 a8 24 1e c0 a8 
24 20 00 14 04 2a 5e 8a f8 a2 cb 7d 07 1d 80 10 
16 d0 56 20 00 00 01 01 08 0a 00 09 d7 d0 00 00 
3a 5e 

00 04 75 8d 49 c7 00 aa 00 30 91 09 08 00 45 00 
00 18 02 7a 00 02 80 06 6e d5 c0 a8 24 20 c0 a8 
24 1e ad 40 00 00 00 00 00 00 00 00 00 00 00 00 
00 00 00 00 00 00 00 00 00 00 00 00 

00 04 75 8d 49 c7 00 aa 00 30 91 09 08 00 45 00 
00 1c 02 7a 20 01 80 06 4e d2 c0 a8 24 20 c0 a8 
24 1e 5d c5 2a cd 50 10 44 70 00 00 00 00 00 00 
00 00 00 00 00 00 00 00 00 00 00 00 

00 04 75 8d 49 c7 00 aa 00 30 91 09 08 00 45 00 
00 1c 02 7a 20 00 80 06 4e d3 c0 a8 24 20 c0 a8 
24 1e 04 26 00 15 cb 35 9c 91 00 00 00 00 00 00 
00 00 00 00 00 00 00 00 00 00 00 00 

00 aa 00 30 91 0d 00 04 75 8d 49 c7 08 00 45 00 
00 40 94 79 40 00 40 06 dc af c0 a8 24 1e c0 a8 
24 20 00 15 04 26 5d c5 2a cd cb 35 9c 91 50 18 
16 d0 0b cb 00 00 32 32 36 20 54 72 61 6e 73 66 
65 72 20 63 6f 6d 70 6c 65 74 65 2e 0d 0a 

00 04 75 8d 49 c7 00 aa 00 30 91 09 08 00 45 00 
00 18 02 7b 00 02 80 06 6e d4 c0 a8 24 20 c0 a8 
24 1e ad 40 00 00 00 00 00 00 00 00 00 00 00 00 
00 00 00 00 00 00 00 00 00 00 00 00 

00 04 75 8d 49 c7 00 aa 00 30 91 09 08 00 45 00 
00 1c 02 7b 20 01 80 06 4e d1 c0 a8 24 20 c0 a8 
24 1e 5d c5 2a e5 50 10 44 58 00 00 00 00 00 00 
00 00 00 00 00 00 00 00 00 00 00 00 

00 04 75 8d 49 c7 00 aa 00 30 91 09 08 00 45 00 
00 1c 02 7b 20 00 80 06 4e d2 c0 a8 24 20 c0 a8 
24 1e 04 26 00 15 cb 35 9c 91 00 00 00 00 00 00 
00 00 00 00 00 00 00 00 00 00 00 00 

00 04 75 8d 49 c7 00 aa 00 30 91 09 08 00 45 00 
00 19 02 7c 00 05 80 06 6e cf c0 a8 24 20 c0 a8 
24 1e 2c 34 33 0d 0a 00 00 00 00 00 00 00 00 00 
00 00 00 00 00 00 00 00 00 00 00 00 

00 04 75 8d 49 c7 00 aa 00 30 91 09 08 00 45 00 
00 1c 02 7c 20 01 80 06 4e d0 c0 a8 24 20 c0 a8 
24 1e 5d c5 2a e5 50 18 44 58 00 00 00 00 00 00 
00 00 00 00 00 00 00 00 00 00 00 00 

00 04 75 8d 49 c7 00 aa 00 30 91 09 08 00 45 00 
00 1c 02 7c 20 02 80 06 4e cf c0 a8 24 20 c0 a8 
24 1e 23 a8 00 00 50 4f 52 54 00 00 00 00 00 00 
00 00 00 00 00 00 00 00 00 00 00 00 

00 04 75 8d 49 c7 00 aa 00 30 91 09 08 00 45 00 
00 1c 02 7c 20 03 80 06 4e ce c0 a8 24 20 c0 a8 
24 1e 20 31 39 32 2c 31 36 38 00 00 00 00 00 00 
00 00 00 00 00 00 00 00 00 00 00 00 

00 04 75 8d 49 c7 00 aa 00 30 91 09 08 00 45 00 
00 1c 02 7c 20 04 80 06 4e cd c0 a8 24 20 c0 a8 
24 1e 2c 33 36 2c 33 32 2c 34 00 00 00 00 00 00 
00 00 00 00 00 00 00 00 00 00 00 00 

00 04 75 8d 49 c7 00 aa 00 30 91 09 08 00 45 00 
00 1c 02 7c 20 00 80 06 4e d1 c0 a8 24 20 c0 a8 
24 1e 04 26 00 15 cb 35 9c 91 00 00 00 00 00 00 
00 00 00 00 00 00 00 00 00 00 00 00 

00 aa 00 30 91 0d 00 04 75 8d 49 c7 08 00 45 00 
00 28 94 7a 40 00 40 06 dc c6 c0 a8 24 1e c0 a8 
24 20 00 15 04 26 5d c5 2a e5 cb 35 9c aa 50 10 
16 d0 da af 00 00 00 00 00 00 00 00 

00 aa 00 30 91 0d 00 04 75 8d 49 c7 08 00 45 00 
00 46 94 7b 40 00 40 06 dc a7 c0 a8 24 1e c0 a8 
24 20 00 15 04 26 5d c5 2a e5 cb 35 9c aa 50 18 
16 d0 1d a2 00 00 32 30 30 20 50 4f 52 54 20 63 
6f 6d 6d 61 6e 64 20 73 75 63 63 65 73 73 66 75 
6c 2e 0d 0a 

00 04 75 8d 49 c7 00 aa 00 30 91 09 08 00 45 00 
00 1c 02 7d 00 04 80 06 6e cc c0 a8 24 20 c0 a8 
24 1e 75 67 2e 6a 70 67 0d 0a 00 00 00 00 00 00 
00 00 00 00 00 00 00 00 00 00 00 00 

00 04 75 8d 49 c7 00 aa 00 30 91 09 08 00 45 00 
00 1c 02 7d 20 01 80 06 4e cf c0 a8 24 20 c0 a8 
24 1e 5d c5 2b 03 50 18 44 3a 00 00 00 00 00 00 
00 00 00 00 00 00 00 00 00 00 00 00 

00 04 75 8d 49 c7 00 aa 00 30 91 09 08 00 45 00 
00 1c 02 7d 20 02 80 06 4e ce c0 a8 24 20 c0 a8 
24 1e 7d 8c 00 00 52 45 54 52 00 00 00 00 00 00 
00 00 00 00 00 00 00 00 00 00 00 00 

00 04 75 8d 49 c7 00 aa 00 30 91 09 08 00 45 00 
00 1c 02 7d 20 03 80 06 4e cd c0 a8 24 20 c0 a8 
24 1e 20 73 70 69 64 65 72 62 00 00 00 00 00 00 
00 00 00 00 00 00 00 00 00 00 00 00 

00 04 75 8d 49 c7 00 aa 00 30 91 09 08 00 45 00 
00 1c 02 7d 20 00 80 06 4e d0 c0 a8 24 20 c0 a8 
24 1e 04 26 00 15 cb 35 9c aa 00 00 00 00 00 00 
00 00 00 00 00 00 00 00 00 00 00 00 

00 aa 00 30 91 0d 00 04 75 8d 49 c7 08 00 45 00 
00 3c 74 c9 40 00 40 06 fc 63 c0 a8 24 1e c0 a8 
24 20 00 14 04 2b 5e 3e ad 1d 00 00 00 00 a0 02 
16 d0 7e 2f 00 00 02 04 05 b4 04 02 08 0a 00 09 
d9 d4 00 00 00 00 01 03 03 00 

00 aa 00 30 91 0d 00 04 75 8d 49 c7 08 00 45 00 
00 28 94 7c 40 00 40 06 dc c4 c0 a8 24 1e c0 a8 
24 20 00 15 04 26 5d c5 2b 03 cb 35 9c be 50 10 
16 d0 da 7d 00 00 00 00 00 00 00 00 

00 04 75 8d 49 c7 00 aa 00 30 91 09 08 00 45 00 
00 18 02 7e 00 05 80 06 6e ce c0 a8 24 20 c0 a8 
24 1e 01 01 04 02 00 00 00 00 00 00 00 00 00 00 
00 00 00 00 00 00 00 00 00 00 00 00 

00 04 75 8d 49 c7 00 aa 00 30 91 09 08 00 45 00 
00 1c 02 7e 20 01 80 06 4e ce c0 a8 24 20 c0 a8 
24 1e 5e 3e ad 1e b0 12 44 70 00 00 00 00 00 00 
00 00 00 00 00 00 00 00 00 00 00 00 

00 04 75 8d 49 c7 00 aa 00 30 91 09 08 00 45 00 
00 1c 02 7e 20 02 80 06 4e cd c0 a8 24 20 c0 a8 
24 1e e7 e5 00 00 02 04 05 b4 00 00 00 00 00 00 
00 00 00 00 00 00 00 00 00 00 00 00 

00 04 75 8d 49 c7 00 aa 00 30 91 09 08 00 45 00 
00 1c 02 7e 20 03 80 06 4e cc c0 a8 24 20 c0 a8 
24 1e 01 03 03 00 01 01 08 0a 00 00 00 00 00 00 
00 00 00 00 00 00 00 00 00 00 00 00 

00 04 75 8d 49 c7 00 aa 00 30 91 09 08 00 45 00 
00 1c 02 7e 20 04 80 06 4e cb c0 a8 24 20 c0 a8 
24 1e 00 00 00 00 00 00 00 00 00 00 00 00 00 00 
00 00 00 00 00 00 00 00 00 00 00 00 

00 04 75 8d 49 c7 00 aa 00 30 91 09 08 00 45 00 
00 1c 02 7e 20 00 80 06 4e cf c0 a8 24 20 c0 a8 
24 1e 04 2b 00 14 cb 81 64 ee 00 00 00 00 00 00 
00 00 00 00 00 00 00 00 00 00 00 00 

00 aa 00 30 91 0d 00 04 75 8d 49 c7 08 00 45 00 
00 34 74 ca 40 00 40 06 fc 6a c0 a8 24 1e c0 a8 
24 20 00 14 04 2b 5e 3e ad 1e cb 81 64 ef 80 10 
16 d0 7c 5d 00 00 01 01 08 0a 00 09 d9 ea 00 00 
00 00 

00 aa 00 30 91 0d 00 04 75 8d 49 c7 08 00 45 00 
00 70 94 7d 40 00 40 06 dc 7b c0 a8 24 1e c0 a8 
24 20 00 15 04 26 5d c5 2b 03 cb 35 9c be 50 18 
16 d0 90 fe 00 00 31 35 30 20 4f 70 65 6e 69 6e 
67 20 41 53 43 49 49 20 6d 6f 64 65 20 64 61 74 
61 20 63 6f 6e 6e 65 63 74 69 6f 6e 20 66 6f 72 
20 73 70 69 64 65 72 62 75 67 2e 6a 70 67 20 28 
31 38 32 30 20 62 79 74 65 73 29 2e 0d 0a 

00 aa 00 30 91 0d 00 04 75 8d 49 c7 08 00 45 00 
05 dc 74 cb 40 00 40 06 f6 c1 c0 a8 24 1e c0 a8 
24 20 00 14 04 2b 5e 3e ad 1e cb 81 64 ef 80 10 
16 d0 68 97 00 00 01 01 08 0a 00 09 d9 ea 00 00 
00 00 ff d8 ff e0 00 10 4a 46 49 46 00 01 02 00 
00 64 00 64 00 00 ff ec 00 11 44 75 63 6b 79 00 
01 00 04 00 00 00 1e 00 00 ff ee 00 0e 41 64 6f 
62 65 00 64 c0 00 00 00 01 ff db 00 84 00 10 0b 
0b 0b 0c 0b 10 0c 0c 10 17 0f 0d 0f 17 1b 14 10 
10 14 1b 1f 17 17 17 17 17 1f 1e 17 1a 1a 1a 1a 
17 1e 1e 23 25 27 25 23 1e 2f 2f 33 33 2f 2f 40 
40 40 40 40 40 40 40 40 40 40 40 40 40 40 01 11 
0f 0f 11 13 11 15 12 12 15 14 11 14 11 14 1a 14 
16 16 14 1a 26 1a 1a 1c 1a 1a 26 30 23 1e 1e 1e 
1e 23 30 2b 2e 27 27 27 2e 2b 35 35 30 30 35 35 
40 40 3f 40 40 40 40 40 40 40 40 40 40 40 40 ff 
c0 00 11 08 00 46 00 46 03 01 22 00 02 11 01 03 
11 01 ff c4 00 92 00 00 02 02 03 01 00 00 00 00 
00 00 00 00 00 00 00 00 05 04 06 01 02 03 07 01 
00 03 01 01 00 00 00 00 00 00 00 00 00 00 00 00 
01 02 03 00 04 10 00 02 01 03 03 02 03 05 06 05 
05 01 00 00 00 00 01 02 03 00 11 04 21 12 05 31 
22 41 51 13 61 71 81 91 32 b1 c1 d1 52 23 06 a1 
42 14 24 15 33 b3 74 a4 25 55 11 00 01 03 02 02 
07 07 05 00 00 00 00 00 00 00 00 01 00 11 02 21 
31 51 12 41 61 91 a1 22 32 62 71 c1 42 a2 03 13 
04 81 b1 d1 52 14 ff da 00 0c 03 01 00 02 11 03 
11 00 3f 00 43 c3 71 18 19 38 2b 91 3c 65 dc ee 
1f 53 01 70 c4 0e 8c 2b a4 9c 57 1e 15 b6 63 dd 
c1 22 db de c3 4d 2f dd 5a f0 f9 0c 98 31 20 ea 
a1 98 35 bc 37 b5 ea 73 4e 93 39 91 0e fd da 35 
fc 0f 95 73 ca 47 34 aa 6f 8a 47 35 50 5b 8a e3 
90 a8 78 7e ad 08 dc c2 da 6a 7e aa dd b8 6e 3c 
64 28 11 a8 88 81 d5 9e c0 93 b7 ae ff 00 3a da 
56 6b 28 c8 1b 2e 6f b0 9b 92 2f e7 e7 52 a6 c4 
5d 82 ed ea 2b 30 da 77 0b 9e bb 56 c3 e9 1a 8a 
5c d2 17 91 da 85 56 5b 89 e0 5f 1b 62 e0 fa 79 
23 6a 96 f5 64 23 70 3d c4 0d e7 ad 42 cb e1 78 
e8 63 69 56 3e d1 62 52 ed 70 0f 9f 75 4e 97 f4 
d0 4a e4 20 20 0d 35 d6 fe 55 b1 84 e5 f1 f2 45 
0b 31 91 85 8d ed a3 5a fb 47 8d 88 fb eb 7b b3 
25 de 96 28 8c 2a 96 c3 c6 f1 2d c7 33 bc 04 e4 
92 bb 59 59 f4 fc da 6e e9 6d 6a 5c 1c 6f 02 60 
1f d9 89 64 62 3b cc 92 80 07 8e 8b 20 a5 f3 41 
93 8d 8a 58 8d 2d a9 07 a5 ec a6 b3 8b 90 df d3 
be a0 88 ce f3 61 ec b7 df 57 0e 62 f1 35 aa 15 
c4 a9 d9 98 3f b7 13 96 e3 92 2c 3d b8 92 24 c7 
22 3f 56 42 5d 96 3b a0 b9 7b ad 9b ca d4 52 dc 
9c 88 fd 6c 29 d4 77 ed 94 3f e5 be db 0d 0a 29 
b8 b5 5b 0d 2b 55 ae 6d de a4 f1 71 0f f0 e8 ec 
dd ad b8 32 da fa 16 61 e1 51 d3 2f d3 6d b1 00 
23 dc 3b 45 87 4e b5 9e 3e 56 ff 00 1a 88 35 50 
af b8 0b 96 00 b3 59 aa 2e 2a b1 98 35 8b 2a 12 
e7 ca c8 37 1b fc aa 22 35 93 e9 92 3a 4a 95 99 
9c b2 0f a4 ab 0d 77 5e e7 5d 40 ac e1 67 84 8f 
65 83 6c b6 e0 df 4a ee 26 ec 2a 24 88 cc c4 37 
63 84 0c de d6 61 bc fd b5 b6 14 2a c8 d2 cb 7f 
44 10 b2 db ad 8e ab 6f 88 aa 08 03 c2 c8 d3 14 
ce 1c dc 29 9f d1 92 66 2d 25 94 3b 47 fa 60 da 
c3 77 75 ff 00 85 1c 7c d6 03 14 a8 db 30 21 df 
50 c9 dc 76 32 9f 79 d6 bb 62 27 04 56 de 98 f5 
05 b6 6e 27 56 f6 9f 65 2f 8e 65 84 fa 84 9d a3 
68 2d 60 6c d6 04 81 f1 34 67 e9 c6 03 84 2c 1a 
e9 ad 9a 4f 5b 07 26 cd 3a 9d bb 8d bb fc 8d bc 
1b ce ab d2 6e 86 29 62 b9 b9 20 11 ee 23 43 56 
09 a1 b6 59 9d f5 69 42 b1 06 e0 fd 20 d8 7c e9 
47 34 a8 93 ab 05 da f2 28 dd e1 dc ba 5e de da 
48 50 91 b7 b4 20 08 2d ad 2e 92 72 c2 1e 9d 9b 
c7 c0 81 a5 15 c9 88 ba 2f 91 63 f3 b5 15 54 cc 
99 71 6e 21 c7 47 71 75 77 22 c2 f7 be a3 c2 a3 
a8 91 81 51 7b ef 0b b4 79 9f 3a b1 fe d3 c4 89 
b0 56 4c a8 16 48 64 04 ad f5 bb 2b bf 85 35 31 
e1 4d 29 58 31 63 09 ea 7a 6f d8 36 da 3e e7 6d 
07 52 4e df 9d 46 53 88 32 59 85 d5 2a 18 58 e4 
12 f7 d0 68 49 3a 9e 83 5a ce 4c e5 fb 01 21 34 
37 eb 72 34 ab 77 25 87 34 f1 1c 7c 78 e1 8a 3e 
a2 ca cb 63 d3 f9 4d 57 b2 71 64 67 48 a4 93 1b 
f4 80 50 03 58 58 79 f7 50 8f a8 09 74 1e a9 68 
6d a6 ea dd de 07 a7 db 5b e4 21 45 47 01 8d d4 
31 60 0d 80 3d 35 f3 a7 38 b1 b5 d5 13 1f 16 40 
18 31 d9 b4 b1 b1 bd be a2 6d 4e e3 c6 c7 94 77 
e1 22 8f 2e df b2 84 fe 43 5c 13 f5 59 d5 7a 2c 
d9 e5 68 9f 22 4b ef 4d 0b 58 58 01 b3 ee a8 7c 
be 43 4e 22 05 b7 7a 4a 01 23 ae e6 d4 df df 6a 
b6 e2 f1 b0 17 99 66 81 1a 21 23 18 ae 2f 6b 9b 
db 5a 25 e3 78 c9 65 f4 e4 81 1c 86 da fa 6d 36 
61 74 3a 75 b5 ad 4a 3e 44 73 9a 1c 76 a3 40 7f 
0b cf 4f d4 bf 1a 2a dd 9b c2 71 91 f3 1c 6c 09 
08 10 cf eb 99 16 ed 63 b1 03 2f 8f 9d 14 ff 00 
d1 06 76 97 2e 6d f9 51 52 bf 6d 82 78 1c 6b 31 
53 df d3 af fa 8f 4c a3 88 22 04 40 02 af 4b 83 
7d 75 3d 4d 2a fd b4 40 e1 b1 ee 3f 3f fb 8f 4d 
43 12 34 d0 7b 6a 53 1c 52 ed 29 92 de 67 17 37 
21 16 3c 61 b9 06 ae 43 05 b9 fc bb 69 0b f0 fc 
82 82 5a 22 a0 75 24 8b 7d b5 

00 aa 00 30 91 0d 00 04 75 8d 49 c7 08 00 45 00 
01 aa 74 cc 40 00 40 06 fa f2 c0 a8 24 1e c0 a8 
24 20 00 14 04 2b 5e 3e b2 c6 cb 81 64 ef 80 18 
16 d0 f7 f5 00 00 01 01 08 0a 00 09 d9 ea 00 00 
00 00 6e bb 6a 48 d2 a3 92 f0 92 e4 34 c9 a9 27 
ab af bb cc 7b a8 c6 64 06 00 25 31 09 7f 07 c7 
e4 e3 17 9a 58 f6 ef 00 2e a3 77 c8 f4 a7 7b 98 
0d 43 7b ac 2b 94 79 30 ba dd 18 79 75 d7 e2 0d 
74 59 23 61 a3 6b ec 34 92 19 a4 e5 11 10 16 c8 
64 11 b3 92 d6 2f d0 01 7d 54 7e 15 1b 29 ee b2 
b0 57 0c 53 6e ed 05 ad 72 0f c2 f5 96 6d b9 b1 
eb a4 b1 b2 db c2 e8 43 7d f5 d6 75 df 0b a8 bb 
5c 74 4d 09 f7 56 94 43 c4 86 14 1b 90 cb a3 5a 
ad 65 73 26 5e 4f 02 4d aa 1a 01 30 dd bb b4 97 
40 b7 e9 e7 45 2f 96 06 ff 00 21 8f 16 d6 dc 4b 
8d b6 ee e9 e5 45 5b da 8b 37 4f 7b a4 ab 26 3c 
2e 5f 29 1f 19 0d 0a 63 e0 7a d1 0d d6 97 d6 44 
dd de c4 f6 b0 d3 5d 2a 71 cf e6 7f 9b 8a f9 e4 
27 e1 45 14 b2 cb 9a 5c b7 3f b2 aa cf f5 fc cf 
ff 00 2b fe c4 7f 85 1f d7 f3 57 1f f9 5a df b7 
fb 84 bf c7 4a 28 a2 32 f4 79 96 5c db 3f 3f 77 
ea 71 49 be ff 00 cd 93 15 ef f1 5a 0e 7e 7e d3 
7e 2a 3b 7f c8 8b f8 e9 45 14 d4 e9 de 82 e6 99 
dc 87 ac 3d 2e 30 7a 96 d2 d9 11 de df 2a 98 bc 
87 3c 3a f1 20 9f 31 91 18 a2 8a 97 0e 6f 07 9d 
01 74 bb 2f 33 92 6e 5f 01 db 8e 09 90 9e b6 c8 
bd 78 c9 92 e9 af 70 1d bb 7d bd 68 a2 8a a5 1b 
c1 c9 af 1f b2 cb ff d9 

00 aa 00 30 91 0d 00 04 75 8d 49 c7 08 00 45 00 
00 34 74 cd 40 00 40 06 fc 67 c0 a8 24 1e c0 a8 
24 20 00 14 04 2b 5e 3e b4 3c cb 81 64 ef 80 11 
16 d0 75 3e 00 00 01 01 08 0a 00 09 d9 ea 00 00 
00 00 

00 04 75 8d 49 c7 00 aa 00 30 91 09 08 00 45 00 
00 1c 02 7f 00 03 80 06 6e cb c0 a8 24 20 c0 a8 
24 1e 00 00 3a 69 00 09 d9 ea 00 00 00 00 00 00 
00 00 00 00 00 00 00 00 00 00 00 00 

00 04 75 8d 49 c7 00 aa 00 30 91 09 08 00 45 00 
00 1c 02 7f 20 01 80 06 4e cd c0 a8 24 20 c0 a8 
24 1e 5e 3e b4 3d 80 10 44 70 00 00 00 00 00 00 
00 00 00 00 00 00 00 00 00 00 00 00 

00 04 75 8d 49 c7 00 aa 00 30 91 09 08 00 45 00 
00 1c 02 7f 20 02 80 06 4e cc c0 a8 24 20 c0 a8 
24 1e 0d 35 00 00 01 01 08 0a 00 00 00 00 00 00 
00 00 00 00 00 00 00 00 00 00 00 00 

00 04 75 8d 49 c7 00 aa 00 30 91 09 08 00 45 00 
00 1c 02 7f 20 00 80 06 4e ce c0 a8 24 20 c0 a8 
24 1e 04 2b 00 14 cb 81 64 ef 00 00 00 00 00 00 
00 00 00 00 00 00 00 00 00 00 00 00 

00 04 75 8d 49 c7 00 aa 00 30 91 09 08 00 45 00 
00 1c 02 80 00 03 80 06 6e ca c0 a8 24 20 c0 a8 
24 1e 00 00 3a 69 00 09 d9 ea 00 00 00 00 00 00 
00 00 00 00 00 00 00 00 00 00 00 00 

00 04 75 8d 49 c7 00 aa 00 30 91 09 08 00 45 00 
00 1c 02 80 20 01 80 06 4e cc c0 a8 24 20 c0 a8 
24 1e 5e 3e b4 3d 80 11 44 70 00 00 00 00 00 00 
00 00 00 00 00 00 00 00 00 00 00 00 

00 04 75 8d 49 c7 00 aa 00 30 91 09 08 00 45 00 
00 1c 02 80 20 02 80 06 4e cb c0 a8 24 20 c0 a8 
24 1e 0d 34 00 00 01 01 08 0a 00 00 00 00 00 00 
00 00 00 00 00 00 00 00 00 00 00 00 

00 04 75 8d 49 c7 00 aa 00 30 91 09 08 00 45 00 
00 1c 02 80 20 00 80 06 4e cd c0 a8 24 20 c0 a8 
24 1e 04 2b 00 14 cb 81 64 ef 00 00 00 00 00 00 
00 00 00 00 00 00 00 00 00 00 00 00 

00 aa 00 30 91 0d 00 04 75 8d 49 c7 08 00 45 00 
00 34 74 ce 40 00 40 06 fc 66 c0 a8 24 1e c0 a8 
24 20 00 14 04 2b 5e 3e b4 3d cb 81 64 f0 80 10 
16 d0 3a be 00 00 01 01 08 0a 00 09 da 00 00 00 
3a 69 

00 04 75 8d 49 c7 00 aa 00 30 91 09 08 00 45 00 
00 18 02 81 00 02 80 06 6e ce c0 a8 24 20 c0 a8 
24 1e ad 13 00 00 00 00 00 00 00 00 00 00 00 00 
00 00 00 00 00 00 00 00 00 00 00 00 

00 04 75 8d 49 c7 00 aa 00 30 91 09 08 00 45 00 
00 1c 02 81 20 01 80 06 4e cb c0 a8 24 20 c0 a8 
24 1e 5d c5 2b 4b 50 10 43 f2 00 00 00 00 00 00 
00 00 00 00 00 00 00 00 00 00 00 00 

00 04 75 8d 49 c7 00 aa 00 30 91 09 08 00 45 00 
00 1c 02 81 20 00 80 06 4e cc c0 a8 24 20 c0 a8 
24 1e 04 26 00 15 cb 35 9c be 00 00 00 00 00 00 
00 00 00 00 00 00 00 00 00 00 00 00 

00 aa 00 30 91 0d 00 04 75 8d 49 c7 08 00 45 00 
00 40 94 7e 40 00 40 06 dc aa c0 a8 24 1e c0 a8 
24 20 00 15 04 26 5d c5 2b 4b cb 35 9c be 50 18 
16 d0 0b 20 00 00 32 32 36 20 54 72 61 6e 73 66 
65 72 20 63 6f 6d 70 6c 65 74 65 2e 0d 0a 

00 04 75 8d 49 c7 00 aa 00 30 91 09 08 00 45 00 
00 18 02 82 00 02 80 06 6e cd c0 a8 24 20 c0 a8 
24 1e ad 13 00 00 00 00 00 00 00 00 00 00 00 00 
00 00 00 00 00 00 00 00 00 00 00 00 

00 04 75 8d 49 c7 00 aa 00 30 91 09 08 00 45 00 
00 1c 02 82 20 01 80 06 4e ca c0 a8 24 20 c0 a8 
24 1e 5d c5 2b 63 50 10 43 da 00 00 00 00 00 00 
00 00 00 00 00 00 00 00 00 00 00 00 

00 04 75 8d 49 c7 00 aa 00 30 91 09 08 00 45 00 
00 1c 02 82 20 00 80 06 4e cb c0 a8 24 20 c0 a8 
24 1e 04 26 00 15 cb 35 9c be 00 00 00 00 00 00 
00 00 00 00 00 00 00 00 00 00 00 00 

00 04 75 8d 49 c7 00 aa 00 30 91 09 08 00 45 00 
00 18 02 83 00 03 80 06 6e cb c0 a8 24 20 c0 a8 
24 1e 20 41 0d 0a 00 00 00 00 00 00 00 00 00 00 
00 00 00 00 00 00 00 00 00 00 00 00 

00 04 75 8d 49 c7 00 aa 00 30 91 09 08 00 45 00 
00 1c 02 83 20 01 80 06 4e c9 c0 a8 24 20 c0 a8 
24 1e 5d c5 2b 63 50 18 43 da 00 00 00 00 00 00 
00 00 00 00 00 00 00 00 00 00 00 00 

00 04 75 8d 49 c7 00 aa 00 30 91 09 08 00 45 00 
00 1c 02 83 20 02 80 06 4e c8 c0 a8 24 20 c0 a8 
24 1e db 19 00 00 54 59 50 45 00 00 00 00 00 00 
00 00 00 00 00 00 00 00 00 00 00 00 

00 04 75 8d 49 c7 00 aa 00 30 91 09 08 00 45 00 
00 1c 02 83 20 00 80 06 4e ca c0 a8 24 20 c0 a8 
24 1e 04 26 00 15 cb 35 9c be 00 00 00 00 00 00 
00 00 00 00 00 00 00 00 00 00 00 00 

00 aa 00 30 91 0d 00 04 75 8d 49 c7 08 00 45 00 
00 28 94 7f 40 00 40 06 dc c1 c0 a8 24 1e c0 a8 
24 20 00 15 04 26 5d c5 2b 63 cb 35 9c c6 50 10 
16 d0 da 15 00 00 00 00 00 00 00 00 

00 aa 00 30 91 0d 00 04 75 8d 49 c7 08 00 45 00 
00 3c 94 80 40 00 40 06 dc ac c0 a8 24 1e c0 a8 
24 20 00 15 04 26 5d c5 2b 63 cb 35 9c c6 50 18 
16 d0 4f 16 00 00 32 30 30 20 54 79 70 65 20 73 
65 74 20 74 6f 20 41 2e 0d 0a 

00 04 75 8d 49 c7 00 aa 00 30 91 09 08 00 45 00 
00 19 02 84 00 05 80 06 6e c7 c0 a8 24 20 c0 a8 
24 1e 2c 34 34 0d 0a 00 00 00 00 00 00 00 00 00 
00 00 00 00 00 00 00 00 00 00 00 00 

00 04 75 8d 49 c7 00 aa 00 30 91 09 08 00 45 00 
00 1c 02 84 20 01 80 06 4e c8 c0 a8 24 20 c0 a8 
24 1e 5d c5 2b 77 50 18 43 c6 00 00 00 00 00 00 
00 00 00 00 00 00 00 00 00 00 00 00 

00 04 75 8d 49 c7 00 aa 00 30 91 09 08 00 45 00 
00 1c 02 84 20 02 80 06 4e c7 c0 a8 24 20 c0 a8 
24 1e 22 73 00 00 50 4f 52 54 00 00 00 00 00 00 
00 00 00 00 00 00 00 00 00 00 00 00 

00 04 75 8d 49 c7 00 aa 00 30 91 09 08 00 45 00 
00 1c 02 84 20 03 80 06 4e c6 c0 a8 24 20 c0 a8 
24 1e 20 31 39 32 2c 31 36 38 00 00 00 00 00 00 
00 00 00 00 00 00 00 00 00 00 00 00 

00 04 75 8d 49 c7 00 aa 00 30 91 09 08 00 45 00 
00 1c 02 84 20 04 80 06 4e c5 c0 a8 24 20 c0 a8 
24 1e 2c 33 36 2c 33 32 2c 34 00 00 00 00 00 00 
00 00 00 00 00 00 00 00 00 00 00 00 

00 04 75 8d 49 c7 00 aa 00 30 91 09 08 00 45 00 
00 1c 02 84 20 00 80 06 4e c9 c0 a8 24 20 c0 a8 
24 1e 04 26 00 15 cb 35 9c c6 00 00 00 00 00 00 
00 00 00 00 00 00 00 00 00 00 00 00 

00 aa 00 30 91 0d 00 04 75 8d 49 c7 08 00 45 00 
00 46 94 81 40 00 40 06 dc a1 c0 a8 24 1e c0 a8 
24 20 00 15 04 26 5d c5 2b 77 cb 35 9c df 50 18 
16 d0 1c db 00 00 32 30 30 20 50 4f 52 54 20 63 
6f 6d 6d 61 6e 64 20 73 75 63 63 65 73 73 66 75 
6c 2e 0d 0a 

00 04 75 8d 49 c7 00 aa 00 30 91 09 08 00 45 00 
00 1c 02 85 00 03 80 06 6e c5 c0 a8 24 20 c0 a8 
24 1e 20 2a 2e 74 78 74 0d 0a 00 00 00 00 00 00 
00 00 00 00 00 00 00 00 00 00 00 00 

00 04 75 8d 49 c7 00 aa 00 30 91 09 08 00 45 00 
00 1c 02 85 20 01 80 06 4e c7 c0 a8 24 20 c0 a8 
24 1e 5d c5 2b 95 50 18 43 a8 00 00 00 00 00 00 
00 00 00 00 00 00 00 00 00 00 00 00 

00 04 75 8d 49 c7 00 aa 00 30 91 09 08 00 45 00 
00 1c 02 85 20 02 80 06 4e c6 c0 a8 24 20 c0 a8 
24 1e 37 21 00 00 4e 4c 53 54 00 00 00 00 00 00 
00 00 00 00 00 00 00 00 00 00 00 00 

00 04 75 8d 49 c7 00 aa 00 30 91 09 08 00 45 00 
00 1c 02 85 20 00 80 06 4e c8 c0 a8 24 20 c0 a8 
24 1e 04 26 00 15 cb 35 9c df 00 00 00 00 00 00 
00 00 00 00 00 00 00 00 00 00 00 00 

00 aa 00 30 91 0d 00 04 75 8d 49 c7 08 00 45 00 
00 3c ca a6 40 00 40 06 a6 86 c0 a8 24 1e c0 a8 
24 20 00 14 04 2c 5f 12 22 dc 00 00 00 00 a0 02 
16 d0 f8 f5 00 00 02 04 05 b4 04 02 08 0a 00 09 
e8 7a 00 00 00 00 01 03 03 00 

00 04 75 8d 49 c7 00 aa 00 30 91 09 08 00 45 00 
00 18 02 86 00 05 80 06 6e c6 c0 a8 24 20 c0 a8 
24 1e 01 01 04 02 00 00 00 00 00 00 00 00 00 00 
00 00 00 00 00 00 00 00 00 00 00 00 

00 04 75 8d 49 c7 00 aa 00 30 91 09 08 00 45 00 
00 1c 02 86 20 01 80 06 4e c6 c0 a8 24 20 c0 a8 
24 1e 5f 12 22 dd b0 12 44 70 00 00 00 00 00 00 
00 00 00 00 00 00 00 00 00 00 00 00 

00 04 75 8d 49 c7 00 aa 00 30 91 09 08 00 45 00 
00 1c 02 86 20 02 80 06 4e c5 c0 a8 24 20 c0 a8 
24 1e f3 c1 00 00 02 04 05 b4 00 00 00 00 00 00 
00 00 00 00 00 00 00 00 00 00 00 00 

00 04 75 8d 49 c7 00 aa 00 30 91 09 08 00 45 00 
00 1c 02 86 20 03 80 06 4e c4 c0 a8 24 20 c0 a8 
24 1e 01 03 03 00 01 01 08 0a 00 00 00 00 00 00 
00 00 00 00 00 00 00 00 00 00 00 00 

00 04 75 8d 49 c7 00 aa 00 30 91 09 08 00 45 00 
00 1c 02 86 20 04 80 06 4e c3 c0 a8 24 20 c0 a8 
24 1e 00 00 00 00 00 00 00 00 00 00 00 00 00 00 
00 00 00 00 00 00 00 00 00 00 00 00 

00 04 75 8d 49 c7 00 aa 00 30 91 09 08 00 45 00 
00 1c 02 86 20 00 80 06 4e c7 c0 a8 24 20 c0 a8 
24 1e 04 2c 00 14 cb 9b e2 64 00 00 00 00 00 00 
00 00 00 00 00 00 00 00 00 00 00 00 

00 aa 00 30 91 0d 00 04 75 8d 49 c7 08 00 45 00 
00 34 ca a7 40 00 40 06 a6 8d c0 a8 24 1e c0 a8 
24 20 00 14 04 2c 5f 12 22 dd cb 9b e2 65 80 10 
16 d0 79 a9 00 00 01 01 08 0a 00 09 e8 7a 00 00 
00 00 

00 aa 00 30 91 0d 00 04 75 8d 49 c7 08 00 45 00 
00 5f 94 82 40 00 40 06 dc 87 c0 a8 24 1e c0 a8 
24 20 00 15 04 26 5d c5 2b 95 cb 35 9c eb 50 18 
16 d0 be 62 00 00 31 35 30 20 4f 70 65 6e 69 6e 
67 20 41 53 43 49 49 20 6d 6f 64 65 20 64 61 74 
61 20 63 6f 6e 6e 65 63 74 69 6f 6e 20 66 6f 72 
20 66 69 6c 65 20 6c 69 73 74 2e 0d 0a 

00 aa 00 30 91 0d 00 04 75 8d 49 c7 08 00 45 00 
00 44 ca a8 40 00 40 06 a6 7c c0 a8 24 1e c0 a8 
24 20 00 14 04 2c 5f 12 22 dd cb 9b e2 65 80 18 
16 d0 a2 78 00 00 01 01 08 0a 00 09 e8 7a 00 00 
00 00 6e 65 74 77 6f 72 6b 73 65 63 2e 74 78 74 
0d 0a 

00 aa 00 30 91 0d 00 04 75 8d 49 c7 08 00 45 00 
00 34 ca a9 40 00 40 06 a6 8b c0 a8 24 1e c0 a8 
24 20 00 14 04 2c 5f 12 22 ed cb 9b e2 65 80 11 
16 d0 79 98 00 00 01 01 08 0a 00 09 e8 7a 00 00 
00 00 

00 04 75 8d 49 c7 00 aa 00 30 91 09 08 00 45 00 
00 1c 02 87 00 03 80 06 6e c3 c0 a8 24 20 c0 a8 
24 1e 00 00 3a b3 00 09 e8 7a 00 00 00 00 00 00 
00 00 00 00 00 00 00 00 00 00 00 00 

00 04 75 8d 49 c7 00 aa 00 30 91 09 08 00 45 00 
00 1c 02 87 20 01 80 06 4e c5 c0 a8 24 20 c0 a8 
24 1e 5f 12 22 ee 80 10 44 60 00 00 00 00 00 00 
00 00 00 00 00 00 00 00 00 00 00 00 

00 04 75 8d 49 c7 00 aa 00 30 91 09 08 00 45 00 
00 1c 02 87 20 02 80 06 4e c4 c0 a8 24 20 c0 a8 
24 1e 11 55 00 00 01 01 08 0a 00 00 00 00 00 00 
00 00 00 00 00 00 00 00 00 00 00 00 

00 04 75 8d 49 c7 00 aa 00 30 91 09 08 00 45 00 
00 1c 02 87 20 00 80 06 4e c6 c0 a8 24 20 c0 a8 
24 1e 04 2c 00 14 cb 9b e2 65 00 00 00 00 00 00 
00 00 00 00 00 00 00 00 00 00 00 00 

00 04 75 8d 49 c7 00 aa 00 30 91 09 08 00 45 00 
00 1c 02 88 00 03 80 06 6e c2 c0 a8 24 20 c0 a8 
24 1e 00 00 3a b3 00 09 e8 7a 00 00 00 00 00 00 
00 00 00 00 00 00 00 00 00 00 00 00 

00 04 75 8d 49 c7 00 aa 00 30 91 09 08 00 45 00 
00 1c 02 88 20 01 80 06 4e c4 c0 a8 24 20 c0 a8 
24 1e 5f 12 22 ee 80 11 44 60 00 00 00 00 00 00 
00 00 00 00 00 00 00 00 00 00 00 00 

00 04 75 8d 49 c7 00 aa 00 30 91 09 08 00 45 00 
00 1c 02 88 20 02 80 06 4e c3 c0 a8 24 20 c0 a8 
24 1e 11 54 00 00 01 01 08 0a 00 00 00 00 00 00 
00 00 00 00 00 00 00 00 00 00 00 00 

00 04 75 8d 49 c7 00 aa 00 30 91 09 08 00 45 00 
00 1c 02 88 20 00 80 06 4e c5 c0 a8 24 20 c0 a8 
24 1e 04 2c 00 14 cb 9b e2 65 00 00 00 00 00 00 
00 00 00 00 00 00 00 00 00 00 00 00 

00 aa 00 30 91 0d 00 04 75 8d 49 c7 08 00 45 00 
00 34 ca aa 40 00 40 06 a6 8a c0 a8 24 1e c0 a8 
24 20 00 14 04 2c 5f 12 22 ee cb 9b e2 66 80 10 
16 d0 3e e4 00 00 01 01 08 0a 00 09 e8 7a 00 00 
3a b3 

00 04 75 8d 49 c7 00 aa 00 30 91 09 08 00 45 00 
00 18 02 89 00 02 80 06 6e c6 c0 a8 24 20 c0 a8 
24 1e ac e6 00 00 00 00 00 00 00 00 00 00 00 00 
00 00 00 00 00 00 00 00 00 00 00 00 

00 04 75 8d 49 c7 00 aa 00 30 91 09 08 00 45 00 
00 1c 02 89 20 01 80 06 4e c3 c0 a8 24 20 c0 a8 
24 1e 5d c5 2b cc 50 10 43 71 00 00 00 00 00 00 
00 00 00 00 00 00 00 00 00 00 00 00 

00 04 75 8d 49 c7 00 aa 00 30 91 09 08 00 45 00 
00 1c 02 89 20 00 80 06 4e c4 c0 a8 24 20 c0 a8 
24 1e 04 26 00 15 cb 35 9c eb 00 00 00 00 00 00 
00 00 00 00 00 00 00 00 00 00 00 00 

00 aa 00 30 91 0d 00 04 75 8d 49 c7 08 00 45 00 
00 40 94 83 40 00 40 06 dc a5 c0 a8 24 1e c0 a8 
24 20 00 15 04 26 5d c5 2b cc cb 35 9c eb 50 18 
16 d0 0a 72 00 00 32 32 36 20 54 72 61 6e 73 66 
65 72 20 63 6f 6d 70 6c 65 74 65 2e 0d 0a 

00 04 75 8d 49 c7 00 aa 00 30 91 09 08 00 45 00 
00 18 02 8a 00 03 80 06 6e c4 c0 a8 24 20 c0 a8 
24 1e 20 41 0d 0a 00 00 00 00 00 00 00 00 00 00 
00 00 00 00 00 00 00 00 00 00 00 00 

00 04 75 8d 49 c7 00 aa 00 30 91 09 08 00 45 00 
00 1c 02 8a 20 01 80 06 4e c2 c0 a8 24 20 c0 a8 
24 1e 5d c5 2b e4 50 18 43 59 00 00 00 00 00 00 
00 00 00 00 00 00 00 00 00 00 00 00 

00 04 75 8d 49 c7 00 aa 00 30 91 09 08 00 45 00 
00 1c 02 8a 20 02 80 06 4e c1 c0 a8 24 20 c0 a8 
24 1e da ec 00 00 54 59 50 45 00 00 00 00 00 00 
00 00 00 00 00 00 00 00 00 00 00 00 

00 04 75 8d 49 c7 00 aa 00 30 91 09 08 00 45 00 
00 1c 02 8a 20 00 80 06 4e c3 c0 a8 24 20 c0 a8 
24 1e 04 26 00 15 cb 35 9c eb 00 00 00 00 00 00 
00 00 00 00 00 00 00 00 00 00 00 00 

00 aa 00 30 91 0d 00 04 75 8d 49 c7 08 00 45 00 
00 3c 94 84 40 00 40 06 dc a8 c0 a8 24 1e c0 a8 
24 20 00 15 04 26 5d c5 2b e4 cb 35 9c f3 50 18 
16 d0 4e 68 00 00 32 30 30 20 54 79 70 65 20 73 
65 74 20 74 6f 20 41 2e 0d 0a 

00 04 75 8d 49 c7 00 aa 00 30 91 09 08 00 45 00 
00 18 02 8b 00 02 80 06 6e c4 c0 a8 24 20 c0 a8 
24 1e ac de 00 00 00 00 00 00 00 00 00 00 00 00 
00 00 00 00 00 00 00 00 00 00 00 00 

00 04 75 8d 49 c7 00 aa 00 30 91 09 08 00 45 00 
00 1c 02 8b 20 01 80 06 4e c1 c0 a8 24 20 c0 a8 
24 1e 5d c5 2b f8 50 10 43 45 00 00 00 00 00 00 
00 00 00 00 00 00 00 00 00 00 00 00 

00 04 75 8d 49 c7 00 aa 00 30 91 09 08 00 45 00 
00 1c 02 8b 20 00 80 06 4e c2 c0 a8 24 20 c0 a8 
24 1e 04 26 00 15 cb 35 9c f3 00 00 00 00 00 00 
00 00 00 00 00 00 00 00 00 00 00 00 

00 04 75 8d 49 c7 00 aa 00 30 91 09 08 00 45 00 
00 19 02 8c 00 05 80 06 6e bf c0 a8 24 20 c0 a8 
24 1e 2c 34 35 0d 0a 00 00 00 00 00 00 00 00 00 
00 00 00 00 00 00 00 00 00 00 00 00 

00 04 75 8d 49 c7 00 aa 00 30 91 09 08 00 45 00 
00 1c 02 8c 20 01 80 06 4e c0 c0 a8 24 20 c0 a8 
24 1e 5d c5 2b f8 50 18 43 45 00 00 00 00 00 00 
00 00 00 00 00 00 00 00 00 00 00 00 

00 04 75 8d 49 c7 00 aa 00 30 91 09 08 00 45 00 
00 1c 02 8c 20 02 80 06 4e bf c0 a8 24 20 c0 a8 
24 1e 21 46 00 00 50 4f 52 54 00 00 00 00 00 00 
00 00 00 00 00 00 00 00 00 00 00 00 

00 04 75 8d 49 c7 00 aa 00 30 91 09 08 00 45 00 
00 1c 02 8c 20 03 80 06 4e be c0 a8 24 20 c0 a8 
24 1e 20 31 39 32 2c 31 36 38 00 00 00 00 00 00 
00 00 00 00 00 00 00 00 00 00 00 00 

00 04 75 8d 49 c7 00 aa 00 30 91 09 08 00 45 00 
00 1c 02 8c 20 04 80 06 4e bd c0 a8 24 20 c0 a8 
24 1e 2c 33 36 2c 33 32 2c 34 00 00 00 00 00 00 
00 00 00 00 00 00 00 00 00 00 00 00 

00 04 75 8d 49 c7 00 aa 00 30 91 09 08 00 45 00 
00 1c 02 8c 20 00 80 06 4e c1 c0 a8 24 20 c0 a8 
24 1e 04 26 00 15 cb 35 9c f3 00 00 00 00 00 00 
00 00 00 00 00 00 00 00 00 00 00 00 

00 aa 00 30 91 0d 00 04 75 8d 49 c7 08 00 45 00 
00 46 94 85 40 00 40 06 dc 9d c0 a8 24 1e c0 a8 
24 20 00 15 04 26 5d c5 2b f8 cb 35 9d 0c 50 18 
16 d0 1c 2d 00 00 32 30 30 20 50 4f 52 54 20 63 
6f 6d 6d 61 6e 64 20 73 75 63 63 65 73 73 66 75 
6c 2e 0d 0a 

00 04 75 8d 49 c7 00 aa 00 30 91 09 08 00 45 00 
00 15 02 8d 00 05 80 06 6e c2 c0 a8 24 20 c0 a8 
24 1e 0a 00 00 00 00 00 00 00 00 00 00 00 00 00 
00 00 00 00 00 00 00 00 00 00 00 00 

00 04 75 8d 49 c7 00 aa 00 30 91 09 08 00 45 00 
00 1c 02 8d 20 01 80 06 4e bf c0 a8 24 20 c0 a8 
24 1e 5d c5 2c 16 50 18 43 27 00 00 00 00 00 00 
00 00 00 00 00 00 00 00 00 00 00 00 

00 04 75 8d 49 c7 00 aa 00 30 91 09 08 00 45 00 
00 1c 02 8d 20 02 80 06 4e be c0 a8 24 20 c0 a8 
24 1e cd 39 00 00 52 45 54 52 00 00 00 00 00 00 
00 00 00 00 00 00 00 00 00 00 00 00 

00 04 75 8d 49 c7 00 aa 00 30 91 09 08 00 45 00 
00 1c 02 8d 20 03 80 06 4e bd c0 a8 24 20 c0 a8 
24 1e 20 6e 65 74 77 6f 72 6b 00 00 00 00 00 00 
00 00 00 00 00 00 00 00 00 00 00 00 

00 04 75 8d 49 c7 00 aa 00 30 91 09 08 00 45 00 
00 1c 02 8d 20 04 80 06 4e bc c0 a8 24 20 c0 a8 
24 1e 73 65 63 2e 74 78 74 0d 00 00 00 00 00 00 
00 00 00 00 00 00 00 00 00 00 00 00 

00 04 75 8d 49 c7 00 aa 00 30 91 09 08 00 45 00 
00 1c 02 8d 20 00 80 06 4e c0 c0 a8 24 20 c0 a8 
24 1e 04 26 00 15 cb 35 9d 0c 00 00 00 00 00 00 
00 00 00 00 00 00 00 00 00 00 00 00 

00 aa 00 30 91 0d 00 04 75 8d 49 c7 08 00 45 00 
00 3c 39 0b 40 00 40 06 38 22 c0 a8 24 1e c0 a8 
24 20 00 14 04 2d 5e b9 d3 56 00 00 00 00 a0 02 
16 d0 46 f0 00 00 02 04 05 b4 04 02 08 0a 00 09 
ea 5d 00 00 00 00 01 03 03 00 

00 aa 00 30 91 0d 00 04 75 8d 49 c7 08 00 45 00 
00 28 94 86 40 00 40 06 dc ba c0 a8 24 1e c0 a8 
24 20 00 15 04 26 5d c5 2c 16 cb 35 9d 21 50 10 
16 d0 d9 07 00 00 00 00 00 00 00 00 

00 04 75 8d 49 c7 00 aa 00 30 91 09 08 00 45 00 
00 18 02 8e 00 05 80 06 6e be c0 a8 24 20 c0 a8 
24 1e 01 01 04 02 00 00 00 00 00 00 00 00 00 00 
00 00 00 00 00 00 00 00 00 00 00 00 

00 04 75 8d 49 c7 00 aa 00 30 91 09 08 00 45 00 
00 1c 02 8e 20 01 80 06 4e be c0 a8 24 20 c0 a8 
24 1e 5e b9 d3 57 b0 12 44 70 00 00 00 00 00 00 
00 00 00 00 00 00 00 00 00 00 00 00 

00 04 75 8d 49 c7 00 aa 00 30 91 09 08 00 45 00 
00 1c 02 8e 20 02 80 06 4e bd c0 a8 24 20 c0 a8 
24 1e 80 0a 00 00 02 04 05 b4 00 00 00 00 00 00 
00 00 00 00 00 00 00 00 00 00 00 00 

00 04 75 8d 49 c7 00 aa 00 30 91 09 08 00 45 00 
00 1c 02 8e 20 03 80 06 4e bc c0 a8 24 20 c0 a8 
24 1e 01 03 03 00 01 01 08 0a 00 00 00 00 00 00 
00 00 00 00 00 00 00 00 00 00 00 00 

00 04 75 8d 49 c7 00 aa 00 30 91 09 08 00 45 00 
00 1c 02 8e 20 04 80 06 4e bb c0 a8 24 20 c0 a8 
24 1e 00 00 00 00 00 00 00 00 00 00 00 00 00 00 
00 00 00 00 00 00 00 00 00 00 00 00 

00 04 75 8d 49 c7 00 aa 00 30 91 09 08 00 45 00 
00 1c 02 8e 20 00 80 06 4e bf c0 a8 24 20 c0 a8 
24 1e 04 2d 00 14 cb 9f a5 f5 00 00 00 00 00 00 
00 00 00 00 00 00 00 00 00 00 00 00 

00 aa 00 30 91 0d 00 04 75 8d 49 c7 08 00 45 00 
00 34 39 0c 40 00 40 06 38 29 c0 a8 24 1e c0 a8 
24 20 00 14 04 2d 5e b9 d3 57 cb 9f a5 f6 80 10 
16 d0 03 f9 00 00 01 01 08 0a 00 09 ea 73 00 00 
00 00 

00 aa 00 30 91 0d 00 04 75 8d 49 c7 08 00 45 00 
00 70 94 87 40 00 40 06 dc 71 c0 a8 24 1e c0 a8 
24 20 00 15 04 26 5d c5 2c 16 cb 35 9d 21 50 18 
16 d0 02 aa 00 00 31 35 30 20 4f 70 65 6e 69 6e 
67 20 41 53 43 49 49 20 6d 6f 64 65 20 64 61 74 
61 20 63 6f 6e 6e 65 63 74 69 6f 6e 20 66 6f 72 
20 6e 65 74 77 6f 72 6b 73 65 63 2e 74 78 74 20 
28 31 35 31 20 62 79 74 65 73 29 2e 0d 0a 

00 aa 00 30 91 0d 00 04 75 8d 49 c7 08 00 45 00 
00 cd 39 0d 40 00 40 06 37 8f c0 a8 24 1e c0 a8 
24 20 00 14 04 2d 5e b9 d3 57 cb 9f a5 f6 80 18 
16 d0 4f 43 00 00 01 01 08 0a 00 09 ea 73 00 00 
00 00 54 68 69 73 20 69 73 20 61 20 70 6c 61 69 
6e 74 65 78 74 20 66 69 6c 65 2c 20 66 6f 72 20 
74 68 65 20 76 69 65 77 69 6e 67 20 70 6c 65 61 
73 75 72 65 20 6f 66 20 74 68 65 20 6e 65 74 77 
6f 72 6b 20 73 65 63 75 72 69 74 79 20 63 6c 61 
73 73 2e 2e 2e 2e 49 20 68 6f 70 65 20 79 6f 75 
20 65 6e 6a 6f 79 20 72 65 61 64 69 6e 67 20 69 
74 20 61 73 20 6d 75 63 68 20 61 73 20 49 20 64 
69 64 20 63 72 65 61 74 69 6e 67 20 69 74 2e 20 
20 3d 29 0d 0a 52 69 63 6b 0d 0a 

00 aa 00 30 91 0d 00 04 75 8d 49 c7 08 00 45 00 
00 34 39 0e 40 00 40 06 38 27 c0 a8 24 1e c0 a8 
24 20 00 14 04 2d 5e b9 d3 f0 cb 9f a5 f6 80 11 
16 d0 03 5f 00 00 01 01 08 0a 00 09 ea 73 00 00 
00 00 

00 04 75 8d 49 c7 00 aa 00 30 91 09 08 00 45 00 
00 1c 02 8f 00 03 80 06 6e bb c0 a8 24 20 c0 a8 
24 1e 00 00 3a bc 00 09 ea 73 00 00 00 00 00 00 
00 00 00 00 00 00 00 00 00 00 00 00 

00 04 75 8d 49 c7 00 aa 00 30 91 09 08 00 45 00 
00 1c 02 8f 20 01 80 06 4e bd c0 a8 24 20 c0 a8 
24 1e 5e b9 d3 f1 80 10 43 d7 00 00 00 00 00 00 
00 00 00 00 00 00 00 00 00 00 00 00 

00 04 75 8d 49 c7 00 aa 00 30 91 09 08 00 45 00 
00 1c 02 8f 20 02 80 06 4e bc c0 a8 24 20 c0 a8 
24 1e 9b 9b 00 00 01 01 08 0a 00 00 00 00 00 00 
00 00 00 00 00 00 00 00 00 00 00 00 

00 04 75 8d 49 c7 00 aa 00 30 91 09 08 00 45 00 
00 1c 02 8f 20 00 80 06 4e be c0 a8 24 20 c0 a8 
24 1e 04 2d 00 14 cb 9f a5 f6 00 00 00 00 00 00 
00 00 00 00 00 00 00 00 00 00 00 00 

00 04 75 8d 49 c7 00 aa 00 30 91 09 08 00 45 00 
00 1c 02 90 00 03 80 06 6e ba c0 a8 24 20 c0 a8 
24 1e 00 00 3a bc 00 09 ea 73 00 00 00 00 00 00 
00 00 00 00 00 00 00 00 00 00 00 00 

00 04 75 8d 49 c7 00 aa 00 30 91 09 08 00 45 00 
00 1c 02 90 20 01 80 06 4e bc c0 a8 24 20 c0 a8 
24 1e 5e b9 d3 f1 80 11 43 d7 00 00 00 00 00 00 
00 00 00 00 00 00 00 00 00 00 00 00 

00 04 75 8d 49 c7 00 aa 00 30 91 09 08 00 45 00 
00 1c 02 90 20 02 80 06 4e bb c0 a8 24 20 c0 a8 
24 1e 9b 9a 00 00 01 01 08 0a 00 00 00 00 00 00 
00 00 00 00 00 00 00 00 00 00 00 00 

00 04 75 8d 49 c7 00 aa 00 30 91 09 08 00 45 00 
00 1c 02 90 20 00 80 06 4e bd c0 a8 24 20 c0 a8 
24 1e 04 2d 00 14 cb 9f a5 f6 00 00 00 00 00 00 
00 00 00 00 00 00 00 00 00 00 00 00 

00 aa 00 30 91 0d 00 04 75 8d 49 c7 08 00 45 00 
00 34 39 0f 40 00 40 06 38 26 c0 a8 24 1e c0 a8 
24 20 00 14 04 2d 5e b9 d3 f1 cb 9f a5 f7 80 10 
16 d0 c8 8b 00 00 01 01 08 0a 00 09 ea 89 00 00 
3a bc 

00 04 75 8d 49 c7 00 aa 00 30 91 09 08 00 45 00 
00 18 02 91 00 02 80 06 6e be c0 a8 24 20 c0 a8 
24 1e ac b0 00 00 00 00 00 00 00 00 00 00 00 00 
00 00 00 00 00 00 00 00 00 00 00 00 

00 04 75 8d 49 c7 00 aa 00 30 91 09 08 00 45 00 
00 1c 02 91 20 01 80 06 4e bb c0 a8 24 20 c0 a8 
24 1e 5d c5 2c 5e 50 10 42 df 00 00 00 00 00 00 
00 00 00 00 00 00 00 00 00 00 00 00 

00 04 75 8d 49 c7 00 aa 00 30 91 09 08 00 45 00 
00 1c 02 91 20 00 80 06 4e bc c0 a8 24 20 c0 a8 
24 1e 04 26 00 15 cb 35 9d 21 00 00 00 00 00 00 
00 00 00 00 00 00 00 00 00 00 00 00 

00 aa 00 30 91 0d 00 04 75 8d 49 c7 08 00 45 00 
00 40 94 88 40 00 40 06 dc a0 c0 a8 24 1e c0 a8 
24 20 00 15 04 26 5d c5 2c 5e cb 35 9d 21 50 18 
16 d0 09 aa 00 00 32 32 36 20 54 72 61 6e 73 66 
65 72 20 63 6f 6d 70 6c 65 74 65 2e 0d 0a 

00 04 75 8d 49 c7 00 aa 00 30 91 09 08 00 45 00 
00 18 02 92 00 02 80 06 6e bd c0 a8 24 20 c0 a8 
24 1e ac b0 00 00 00 00 00 00 00 00 00 00 00 00 
00 00 00 00 00 00 00 00 00 00 00 00 

00 04 75 8d 49 c7 00 aa 00 30 91 09 08 00 45 00 
00 1c 02 92 20 01 80 06 4e ba c0 a8 24 20 c0 a8 
24 1e 5d c5 2c 76 50 10 42 c7 00 00 00 00 00 00 
00 00 00 00 00 00 00 00 00 00 00 00 

00 04 75 8d 49 c7 00 aa 00 30 91 09 08 00 45 00 
00 1c 02 92 20 00 80 06 4e bb c0 a8 24 20 c0 a8 
24 1e 04 26 00 15 cb 35 9d 21 00 00 00 00 00 00 
00 00 00 00 00 00 00 00 00 00 00 00 

00 04 75 8d 49 c7 00 aa 00 30 91 09 08 00 45 00 
00 16 02 93 00 03 80 06 6e bd c0 a8 24 20 c0 a8 
24 1e 0d 0a 00 00 00 00 00 00 00 00 00 00 00 00 
00 00 00 00 00 00 00 00 00 00 00 00 

00 04 75 8d 49 c7 00 aa 00 30 91 09 08 00 45 00 
00 1c 02 93 20 01 80 06 4e b9 c0 a8 24 20 c0 a8 
24 1e 5d c5 2c 76 50 18 42 c7 00 00 00 00 00 00 
00 00 00 00 00 00 00 00 00 00 00 00 

00 04 75 8d 49 c7 00 aa 00 30 91 09 08 00 45 00 
00 1c 02 93 20 02 80 06 4e b8 c0 a8 24 20 c0 a8 
24 1e 04 ef 00 00 51 55 49 54 00 00 00 00 00 00 
00 00 00 00 00 00 00 00 00 00 00 00 

00 04 75 8d 49 c7 00 aa 00 30 91 09 08 00 45 00 
00 1c 02 93 20 00 80 06 4e ba c0 a8 24 20 c0 a8 
24 1e 04 26 00 15 cb 35 9d 21 00 00 00 00 00 00 
00 00 00 00 00 00 00 00 00 00 00 00 

00 aa 00 30 91 0d 00 04 75 8d 49 c7 08 00 45 00 
00 28 94 89 40 00 40 06 dc b7 c0 a8 24 1e c0 a8 
24 20 00 15 04 26 5d c5 2c 76 cb 35 9d 27 50 10 
16 d0 d8 a1 00 00 00 00 00 00 00 00 

00 aa 00 30 91 0d 00 04 75 8d 49 c7 08 00 45 00 
00 59 94 8a 40 00 40 06 dc 85 c0 a8 24 1e c0 a8 
24 20 00 15 04 26 5d c5 2c 76 cb 35 9d 27 50 18 
16 d0 03 aa 00 00 32 32 31 2d 59 6f 75 20 68 61 
76 65 20 74 72 61 6e 73 66 65 72 72 65 64 20 35 
34 39 35 20 62 79 74 65 73 20 69 6e 20 34 20 66 
69 6c 65 73 2e 0d 0a 

00 aa 00 30 91 0d 00 04 75 8d 49 c7 08 00 45 00 
00 b6 94 8b 40 00 40 06 dc 27 c0 a8 24 1e c0 a8 
24 20 00 15 04 26 5d c5 2c a7 cb 35 9d 27 50 19 
16 d0 cf 4b 00 00 32 32 31 2d 54 6f 74 61 6c 20 
74 72 61 66 66 69 63 20 66 6f 72 20 74 68 69 73 
20 73 65 73 73 69 6f 6e 20 77 61 73 20 37 39 38 
35 20 62 79 74 65 73 20 69 6e 20 37 20 74 72 61 
6e 73 66 65 72 73 2e 0d 0a 32 32 31 2d 54 68 61 
6e 6b 20 79 6f 75 20 66 6f 72 20 75 73 69 6e 67 
20 74 68 65 20 46 54 50 20 73 65 72 76 69 63 65 
20 6f 6e 20 6e 65 74 77 6f 72 6b 73 65 63 75 72 
69 74 79 2e 0d 0a 32 32 31 20 47 6f 6f 64 62 79 
65 2e 0d 0a 

00 04 75 8d 49 c7 00 aa 00 30 91 09 08 00 45 00 
00 18 02 94 00 02 80 06 6e bb c0 a8 24 20 c0 a8 
24 1e ac a9 00 00 00 00 00 00 00 00 00 00 00 00 
00 00 00 00 00 00 00 00 00 00 00 00 

00 04 75 8d 49 c7 00 aa 00 30 91 09 08 00 45 00 
00 1c 02 94 20 01 80 06 4e b8 c0 a8 24 20 c0 a8 
24 1e 5d c5 2d 36 50 10 42 08 00 00 00 00 00 00 
00 00 00 00 00 00 00 00 00 00 00 00 

00 04 75 8d 49 c7 00 aa 00 30 91 09 08 00 45 00 
00 1c 02 94 20 00 80 06 4e b9 c0 a8 24 20 c0 a8 
24 1e 04 26 00 15 cb 35 9d 27 00 00 00 00 00 00 
00 00 00 00 00 00 00 00 00 00 00 00 

00 04 75 8d 49 c7 00 aa 00 30 91 09 08 00 45 00 
00 18 02 95 00 02 80 06 6e ba c0 a8 24 20 c0 a8 
24 1e ac a8 00 00 00 00 00 00 00 00 00 00 00 00 
00 00 00 00 00 00 00 00 00 00 00 00 

00 04 75 8d 49 c7 00 aa 00 30 91 09 08 00 45 00 
00 1c 02 95 20 01 80 06 4e b7 c0 a8 24 20 c0 a8 
24 1e 5d c5 2d 36 50 11 42 08 00 00 00 00 00 00 
00 00 00 00 00 00 00 00 00 00 00 00 

00 04 75 8d 49 c7 00 aa 00 30 91 09 08 00 45 00 
00 1c 02 95 20 00 80 06 4e b8 c0 a8 24 20 c0 a8 
24 1e 04 26 00 15 cb 35 9d 27 00 00 00 00 00 00 
00 00 00 00 00 00 00 00 00 00 00 00 

00 aa 00 30 91 0d 00 04 75 8d 49 c7 08 00 45 00 
00 28 00 00 40 00 40 06 71 41 c0 a8 24 1e c0 a8 
24 20 00 15 04 26 5d c5 2d 36 cb 35 9d 28 50 10 
16 d0 d7 e0 00 00 00 00 00 00 00 00 
