00 04 75 8d 49 c7 00 aa 00 30 91 09 08 00 45 00 
00 2c 07 94 20 00 80 01 49 ae c0 a8 24 20 c0 a8 
24 1e 08 00 fb 5b 03 00 4f 00 61 62 63 64 65 66 
67 68 69 6a 6b 6c 6d 6e 6f 70 00 00 

00 04 75 8d 49 c7 00 aa 00 30 91 09 08 00 45 00 
00 24 07 94 00 03 80 01 69 b3 c0 a8 24 20 c0 a8 
24 1e 71 72 73 74 75 76 77 61 62 63 64 65 66 67 
68 69 00 00 00 00 00 00 00 00 00 00 

00 aa 00 30 91 0d 00 04 75 8d 49 c7 08 00 45 00 
00 3c af 1b 00 00 40 01 02 17 c0 a8 24 1e c0 a8 
24 20 00 00 03 5c 03 00 4f 00 61 62 63 64 65 66 
67 68 69 6a 6b 6c 6d 6e 6f 70 71 72 73 74 75 76 
77 61 62 63 64 65 66 67 68 69 

00 04 75 8d 49 c7 00 aa 00 30 91 09 08 00 45 00 
00 2c 07 95 20 00 80 01 49 ad c0 a8 24 20 c0 a8 
24 1e 08 00 fa 5b 03 00 50 00 61 62 63 64 65 66 
67 68 69 6a 6b 6c 6d 6e 6f 70 00 00 

00 04 75 8d 49 c7 00 aa 00 30 91 09 08 00 45 00 
00 24 07 95 00 03 80 01 69 b2 c0 a8 24 20 c0 a8 
24 1e 71 72 73 74 75 76 77 61 62 63 64 65 66 67 
68 69 00 00 00 00 00 00 00 00 00 00 

00 aa 00 30 91 0d 00 04 75 8d 49 c7 08 00 45 00 
00 3c af 1c 00 00 40 01 02 16 c0 a8 24 1e c0 a8 
24 20 00 00 02 5c 03 00 50 00 61 62 63 64 65 66 
67 68 69 6a 6b 6c 6d 6e 6f 70 71 72 73 74 75 76 
77 61 62 63 64 65 66 67 68 69 
