00 04 75 8d 49 c7 00 aa 00 30 91 09 08 00 45 00 
00 1c 09 21 00 04 80 01 68 2d c0 a8 24 20 c0 a8 
24 1e 62 63 64 65 66 67 68 69 00 00 00 00 00 00 
00 00 00 00 00 00 00 00 00 00 00 00 

00 04 75 8d 49 c7 00 aa 00 30 91 09 08 00 45 00 
00 1c 09 21 20 01 80 01 48 30 c0 a8 24 20 c0 a8 
24 1e 61 62 63 64 65 66 67 68 00 00 00 00 00 00 
00 00 00 00 00 00 00 00 00 00 00 00 

00 04 75 8d 49 c7 00 aa 00 30 91 09 08 00 45 00 
00 1c 09 21 20 02 80 01 48 2f c0 a8 24 20 c0 a8 
24 1e 69 6a 6b 6c 6d 6e 6f 70 00 00 00 00 00 00 
00 00 00 00 00 00 00 00 00 00 00 00 

00 04 75 8d 49 c7 00 aa 00 30 91 09 08 00 45 00 
00 1c 09 21 20 03 80 01 48 2e c0 a8 24 20 c0 a8 
24 1e 71 72 73 74 75 76 77 61 00 00 00 00 00 00 
00 00 00 00 00 00 00 00 00 00 00 00 

00 04 75 8d 49 c7 00 aa 00 30 91 09 08 00 45 00 
00 1c 09 21 20 00 80 01 48 31 c0 a8 24 20 c0 a8 
24 1e 08 00 f2 5b 03 00 58 00 00 00 00 00 00 00 
00 00 00 00 00 00 00 00 00 00 00 00 

00 aa 00 30 91 0d 00 04 75 8d 49 c7 08 00 45 00 
00 3c af 24 00 00 40 01 02 0e c0 a8 24 1e c0 a8 
24 20 00 00 fa 5b 03 00 58 00 61 62 63 64 65 66 
67 68 69 6a 6b 6c 6d 6e 6f 70 71 72 73 74 75 76 
77 61 62 63 64 65 66 67 68 69 

00 04 75 8d 49 c7 00 aa 00 30 91 09 08 00 45 00 
00 1c 09 22 00 04 80 01 68 2c c0 a8 24 20 c0 a8 
24 1e 62 63 64 65 66 67 68 69 00 00 00 00 00 00 
00 00 00 00 00 00 00 00 00 00 00 00 

00 04 75 8d 49 c7 00 aa 00 30 91 09 08 00 45 00 
00 1c 09 22 20 01 80 01 48 2f c0 a8 24 20 c0 a8 
24 1e 61 62 63 64 65 66 67 68 00 00 00 00 00 00 
00 00 00 00 00 00 00 00 00 00 00 00 

00 04 75 8d 49 c7 00 aa 00 30 91 09 08 00 45 00 
00 1c 09 22 20 02 80 01 48 2e c0 a8 24 20 c0 a8 
24 1e 69 6a 6b 6c 6d 6e 6f 70 00 00 00 00 00 00 
00 00 00 00 00 00 00 00 00 00 00 00 

00 04 75 8d 49 c7 00 aa 00 30 91 09 08 00 45 00 
00 1c 09 22 20 03 80 01 48 2d c0 a8 24 20 c0 a8 
24 1e 71 72 73 74 75 76 77 61 00 00 00 00 00 00 
00 00 00 00 00 00 00 00 00 00 00 00 

00 04 75 8d 49 c7 00 aa 00 30 91 09 08 00 45 00 
00 1c 09 22 20 00 80 01 48 30 c0 a8 24 20 c0 a8 
24 1e 08 00 f1 5b 03 00 59 00 00 00 00 00 00 00 
00 00 00 00 00 00 00 00 00 00 00 00 

00 aa 00 30 91 0d 00 04 75 8d 49 c7 08 00 45 00 
00 3c af 25 00 00 40 01 02 0d c0 a8 24 1e c0 a8 
24 20 00 00 f9 5b 03 00 59 00 61 62 63 64 65 66 
67 68 69 6a 6b 6c 6d 6e 6f 70 71 72 73 74 75 76 
77 61 62 63 64 65 66 67 68 69 

00 04 75 8d 49 c7 00 aa 00 30 91 09 08 00 45 00 
00 1c 09 23 00 04 80 01 68 2b c0 a8 24 20 c0 a8 
24 1e 62 63 64 65 66 67 68 69 00 00 00 00 00 00 
00 00 00 00 00 00 00 00 00 00 00 00 

00 04 75 8d 49 c7 00 aa 00 30 91 09 08 00 45 00 
00 1c 09 23 20 01 80 01 48 2e c0 a8 24 20 c0 a8 
24 1e 61 62 63 64 65 66 67 68 00 00 00 00 00 00 
00 00 00 00 00 00 00 00 00 00 00 00 

00 04 75 8d 49 c7 00 aa 00 30 91 09 08 00 45 00 
00 1c 09 23 20 02 80 01 48 2d c0 a8 24 20 c0 a8 
24 1e 69 6a 6b 6c 6d 6e 6f 70 00 00 00 00 00 00 
00 00 00 00 00 00 00 00 00 00 00 00 

00 04 75 8d 49 c7 00 aa 00 30 91 09 08 00 45 00 
00 1c 09 23 20 03 80 01 48 2c c0 a8 24 20 c0 a8 
24 1e 71 72 73 74 75 76 77 61 00 00 00 00 00 00 
00 00 00 00 00 00 00 00 00 00 00 00 

00 04 75 8d 49 c7 00 aa 00 30 91 09 08 00 45 00 
00 1c 09 23 20 00 80 01 48 2f c0 a8 24 20 c0 a8 
24 1e 08 00 f0 5b 03 00 5a 00 00 00 00 00 00 00 
00 00 00 00 00 00 00 00 00 00 00 00 

00 aa 00 30 91 0d 00 04 75 8d 49 c7 08 00 45 00 
00 3c af 26 00 00 40 01 02 0c c0 a8 24 1e c0 a8 
24 20 00 00 f8 5b 03 00 5a 00 61 62 63 64 65 66 
67 68 69 6a 6b 6c 6d 6e 6f 70 71 72 73 74 75 76 
77 61 62 63 64 65 66 67 68 69 

00 04 75 8d 49 c7 00 aa 00 30 91 09 08 00 45 00 
00 1c 09 24 00 04 80 01 68 2a c0 a8 24 20 c0 a8 
24 1e 62 63 64 65 66 67 68 69 00 00 00 00 00 00 
00 00 00 00 00 00 00 00 00 00 00 00 

00 04 75 8d 49 c7 00 aa 00 30 91 09 08 00 45 00 
00 1c 09 24 20 01 80 01 48 2d c0 a8 24 20 c0 a8 
24 1e 61 62 63 64 65 66 67 68 00 00 00 00 00 00 
00 00 00 00 00 00 00 00 00 00 00 00 

00 04 75 8d 49 c7 00 aa 00 30 91 09 08 00 45 00 
00 1c 09 24 20 02 80 01 48 2c c0 a8 24 20 c0 a8 
24 1e 69 6a 6b 6c 6d 6e 6f 70 00 00 00 00 00 00 
00 00 00 00 00 00 00 00 00 00 00 00 

00 04 75 8d 49 c7 00 aa 00 30 91 09 08 00 45 00 
00 1c 09 24 20 03 80 01 48 2b c0 a8 24 20 c0 a8 
24 1e 71 72 73 74 75 76 77 61 00 00 00 00 00 00 
00 00 00 00 00 00 00 00 00 00 00 00 

00 04 75 8d 49 c7 00 aa 00 30 91 09 08 00 45 00 
00 1c 09 24 20 00 80 01 48 2e c0 a8 24 20 c0 a8 
24 1e 08 00 ef 5b 03 00 5b 00 00 00 00 00 00 00 
00 00 00 00 00 00 00 00 00 00 00 00 

00 aa 00 30 91 0d 00 04 75 8d 49 c7 08 00 45 00 
00 3c af 27 00 00 40 01 02 0b c0 a8 24 1e c0 a8 
24 20 00 00 f7 5b 03 00 5b 00 61 62 63 64 65 66 
67 68 69 6a 6b 6c 6d 6e 6f 70 71 72 73 74 75 76 
77 61 62 63 64 65 66 67 68 69 

00 04 75 8d 49 c7 00 aa 00 30 91 09 08 00 45 00 
00 1c 09 25 00 04 80 01 68 29 c0 a8 24 20 c0 a8 
24 1e 62 63 64 65 66 67 68 69 00 00 00 00 00 00 
00 00 00 00 00 00 00 00 00 00 00 00 

00 04 75 8d 49 c7 00 aa 00 30 91 09 08 00 45 00 
00 1c 09 25 20 01 80 01 48 2c c0 a8 24 20 c0 a8 
24 1e 61 62 63 64 65 66 67 68 00 00 00 00 00 00 
00 00 00 00 00 00 00 00 00 00 00 00 

00 04 75 8d 49 c7 00 aa 00 30 91 09 08 00 45 00 
00 1c 09 25 20 02 80 01 48 2b c0 a8 24 20 c0 a8 
24 1e 69 6a 6b 6c 6d 6e 6f 70 00 00 00 00 00 00 
00 00 00 00 00 00 00 00 00 00 00 00 

00 04 75 8d 49 c7 00 aa 00 30 91 09 08 00 45 00 
00 1c 09 25 20 03 80 01 48 2a c0 a8 24 20 c0 a8 
24 1e 71 72 73 74 75 76 77 61 00 00 00 00 00 00 
00 00 00 00 00 00 00 00 00 00 00 00 

00 04 75 8d 49 c7 00 aa 00 30 91 09 08 00 45 00 
00 1c 09 25 20 00 80 01 48 2d c0 a8 24 20 c0 a8 
24 1e 08 00 ee 5b 03 00 5c 00 00 00 00 00 00 00 
00 00 00 00 00 00 00 00 00 00 00 00 

00 aa 00 30 91 0d 00 04 75 8d 49 c7 08 00 45 00 
00 3c af 28 00 00 40 01 02 0a c0 a8 24 1e c0 a8 
24 20 00 00 f6 5b 03 00 5c 00 61 62 63 64 65 66 
67 68 69 6a 6b 6c 6d 6e 6f 70 71 72 73 74 75 76 
77 61 62 63 64 65 66 67 68 69 

00 04 75 8d 49 c7 00 aa 00 30 91 09 08 00 45 00 
00 1c 09 26 00 04 80 01 68 28 c0 a8 24 20 c0 a8 
24 1e 62 63 64 65 66 67 68 69 00 00 00 00 00 00 
00 00 00 00 00 00 00 00 00 00 00 00 

00 04 75 8d 49 c7 00 aa 00 30 91 09 08 00 45 00 
00 1c 09 26 20 01 80 01 48 2b c0 a8 24 20 c0 a8 
24 1e 61 62 63 64 65 66 67 68 00 00 00 00 00 00 
00 00 00 00 00 00 00 00 00 00 00 00 

00 04 75 8d 49 c7 00 aa 00 30 91 09 08 00 45 00 
00 1c 09 26 20 02 80 01 48 2a c0 a8 24 20 c0 a8 
24 1e 69 6a 6b 6c 6d 6e 6f 70 00 00 00 00 00 00 
00 00 00 00 00 00 00 00 00 00 00 00 

00 04 75 8d 49 c7 00 aa 00 30 91 09 08 00 45 00 
00 1c 09 26 20 03 80 01 48 29 c0 a8 24 20 c0 a8 
24 1e 71 72 73 74 75 76 77 61 00 00 00 00 00 00 
00 00 00 00 00 00 00 00 00 00 00 00 

00 04 75 8d 49 c7 00 aa 00 30 91 09 08 00 45 00 
00 1c 09 26 20 00 80 01 48 2c c0 a8 24 20 c0 a8 
24 1e 08 00 ed 5b 03 00 5d 00 00 00 00 00 00 00 
00 00 00 00 00 00 00 00 00 00 00 00 

00 aa 00 30 91 0d 00 04 75 8d 49 c7 08 00 45 00 
00 3c af 29 00 00 40 01 02 09 c0 a8 24 1e c0 a8 
24 20 00 00 f5 5b 03 00 5d 00 61 62 63 64 65 66 
67 68 69 6a 6b 6c 6d 6e 6f 70 71 72 73 74 75 76 
77 61 62 63 64 65 66 67 68 69 

00 04 75 8d 49 c7 00 aa 00 30 91 09 08 00 45 00 
00 1c 09 27 00 04 80 01 68 27 c0 a8 24 20 c0 a8 
24 1e 62 63 64 65 66 67 68 69 00 00 00 00 00 00 
00 00 00 00 00 00 00 00 00 00 00 00 

00 04 75 8d 49 c7 00 aa 00 30 91 09 08 00 45 00 
00 1c 09 27 20 01 80 01 48 2a c0 a8 24 20 c0 a8 
24 1e 61 62 63 64 65 66 67 68 00 00 00 00 00 00 
00 00 00 00 00 00 00 00 00 00 00 00 

00 04 75 8d 49 c7 00 aa 00 30 91 09 08 00 45 00 
00 1c 09 27 20 02 80 01 48 29 c0 a8 24 20 c0 a8 
24 1e 69 6a 6b 6c 6d 6e 6f 70 00 00 00 00 00 00 
00 00 00 00 00 00 00 00 00 00 00 00 

00 04 75 8d 49 c7 00 aa 00 30 91 09 08 00 45 00 
00 1c 09 27 20 03 80 01 48 28 c0 a8 24 20 c0 a8 
24 1e 71 72 73 74 75 76 77 61 00 00 00 00 00 00 
00 00 00 00 00 00 00 00 00 00 00 00 

00 04 75 8d 49 c7 00 aa 00 30 91 09 08 00 45 00 
00 1c 09 27 20 00 80 01 48 2b c0 a8 24 20 c0 a8 
24 1e 08 00 ec 5b 03 00 5e 00 00 00 00 00 00 00 
00 00 00 00 00 00 00 00 00 00 00 00 

00 aa 00 30 91 0d 00 04 75 8d 49 c7 08 00 45 00 
00 3c af 2a 00 00 40 01 02 08 c0 a8 24 1e c0 a8 
24 20 00 00 f4 5b 03 00 5e 00 61 62 63 64 65 66 
67 68 69 6a 6b 6c 6d 6e 6f 70 71 72 73 74 75 76 
77 61 62 63 64 65 66 67 68 69 

00 04 75 8d 49 c7 00 aa 00 30 91 09 08 00 45 00 
00 1c 09 28 00 04 80 01 68 26 c0 a8 24 20 c0 a8 
24 1e 62 63 64 65 66 67 68 69 00 00 00 00 00 00 
00 00 00 00 00 00 00 00 00 00 00 00 

00 04 75 8d 49 c7 00 aa 00 30 91 09 08 00 45 00 
00 1c 09 28 20 01 80 01 48 29 c0 a8 24 20 c0 a8 
24 1e 61 62 63 64 65 66 67 68 00 00 00 00 00 00 
00 00 00 00 00 00 00 00 00 00 00 00 

00 04 75 8d 49 c7 00 aa 00 30 91 09 08 00 45 00 
00 1c 09 28 20 02 80 01 48 28 c0 a8 24 20 c0 a8 
24 1e 69 6a 6b 6c 6d 6e 6f 70 00 00 00 00 00 00 
00 00 00 00 00 00 00 00 00 00 00 00 

00 04 75 8d 49 c7 00 aa 00 30 91 09 08 00 45 00 
00 1c 09 28 20 03 80 01 48 27 c0 a8 24 20 c0 a8 
24 1e 71 72 73 74 75 76 77 61 00 00 00 00 00 00 
00 00 00 00 00 00 00 00 00 00 00 00 

00 04 75 8d 49 c7 00 aa 00 30 91 09 08 00 45 00 
00 1c 09 28 20 00 80 01 48 2a c0 a8 24 20 c0 a8 
24 1e 08 00 eb 5b 03 00 5f 00 00 00 00 00 00 00 
00 00 00 00 00 00 00 00 00 00 00 00 

00 aa 00 30 91 0d 00 04 75 8d 49 c7 08 00 45 00 
00 3c af 2b 00 00 40 01 02 07 c0 a8 24 1e c0 a8 
24 20 00 00 f3 5b 03 00 5f 00 61 62 63 64 65 66 
67 68 69 6a 6b 6c 6d 6e 6f 70 71 72 73 74 75 76 
77 61 62 63 64 65 66 67 68 69 
