00 04 75 8d 49 c7 00 aa 00 30 91 09 08 00 45 00 
00 3c 06 08 00 00 80 01 6b 2a c0 a8 24 20 c0 a8 
24 1e 08 00 10 5c 03 00 3a 00 61 62 63 64 65 66 
67 68 69 6a 6b 6c 6d 6e 6f 70 71 72 73 74 75 76 
77 61 62 63 64 65 66 67 68 69 

00 aa 00 30 91 0d 00 04 75 8d 49 c7 08 00 45 00 
00 3c af 06 00 00 40 01 02 2c c0 a8 24 1e c0 a8 
24 20 00 00 18 5c 03 00 3a 00 61 62 63 64 65 66 
67 68 69 6a 6b 6c 6d 6e 6f 70 71 72 73 74 75 76 
77 61 62 63 64 65 66 67 68 69 

00 04 75 8d 49 c7 00 aa 00 30 91 09 08 00 45 00 
00 3c 06 09 00 00 80 01 6b 29 c0 a8 24 20 c0 a8 
24 1e 08 00 0f 5c 03 00 3b 00 61 62 63 64 65 66 
67 68 69 6a 6b 6c 6d 6e 6f 70 71 72 73 74 75 76 
77 61 62 63 64 65 66 67 68 69 

00 aa 00 30 91 0d 00 04 75 8d 49 c7 08 00 45 00 
00 3c af 07 00 00 40 01 02 2b c0 a8 24 1e c0 a8 
24 20 00 00 17 5c 03 00 3b 00 61 62 63 64 65 66 
67 68 69 6a 6b 6c 6d 6e 6f 70 71 72 73 74 75 76 
77 61 62 63 64 65 66 67 68 69 

00 04 75 8d 49 c7 00 aa 00 30 91 09 08 00 45 00 
00 3c 06 0a 00 00 80 01 6b 28 c0 a8 24 20 c0 a8 
24 1e 08 00 0e 5c 03 00 3c 00 61 62 63 64 65 66 
67 68 69 6a 6b 6c 6d 6e 6f 70 71 72 73 74 75 76 
77 61 62 63 64 65 66 67 68 69 

00 aa 00 30 91 0d 00 04 75 8d 49 c7 08 00 45 00 
00 3c af 08 00 00 40 01 02 2a c0 a8 24 1e c0 a8 
24 20 00 00 16 5c 03 00 3c 00 61 62 63 64 65 66 
67 68 69 6a 6b 6c 6d 6e 6f 70 71 72 73 74 75 76 
77 61 62 63 64 65 66 67 68 69 

00 04 75 8d 49 c7 00 aa 00 30 91 09 08 00 45 00 
00 3c 06 0b 00 00 80 01 6b 27 c0 a8 24 20 c0 a8 
24 1e 08 00 0d 5c 03 00 3d 00 61 62 63 64 65 66 
67 68 69 6a 6b 6c 6d 6e 6f 70 71 72 73 74 75 76 
77 61 62 63 64 65 66 67 68 69 

00 aa 00 30 91 0d 00 04 75 8d 49 c7 08 00 45 00 
00 3c af 09 00 00 40 01 02 29 c0 a8 24 1e c0 a8 
24 20 00 00 15 5c 03 00 3d 00 61 62 63 64 65 66 
67 68 69 6a 6b 6c 6d 6e 6f 70 71 72 73 74 75 76 
77 61 62 63 64 65 66 67 68 69 

00 04 75 8d 49 c7 00 aa 00 30 91 09 08 00 45 00 
00 3c 06 0c 00 00 80 01 6b 26 c0 a8 24 20 c0 a8 
24 1e 08 00 0c 5c 03 00 3e 00 61 62 63 64 65 66 
67 68 69 6a 6b 6c 6d 6e 6f 70 71 72 73 74 75 76 
77 61 62 63 64 65 66 67 68 69 

00 aa 00 30 91 0d 00 04 75 8d 49 c7 08 00 45 00 
00 3c af 0a 00 00 40 01 02 28 c0 a8 24 1e c0 a8 
24 20 00 00 14 5c 03 00 3e 00 61 62 63 64 65 66 
67 68 69 6a 6b 6c 6d 6e 6f 70 71 72 73 74 75 76 
77 61 62 63 64 65 66 67 68 69 

00 04 75 8d 49 c7 00 aa 00 30 91 09 08 00 45 00 
00 3c 06 0d 00 00 80 01 6b 25 c0 a8 24 20 c0 a8 
24 1e 08 00 0b 5c 03 00 3f 00 61 62 63 64 65 66 
67 68 69 6a 6b 6c 6d 6e 6f 70 71 72 73 74 75 76 
77 61 62 63 64 65 66 67 68 69 

00 aa 00 30 91 0d 00 04 75 8d 49 c7 08 00 45 00 
00 3c af 0b 00 00 40 01 02 27 c0 a8 24 1e c0 a8 
24 20 00 00 13 5c 03 00 3f 00 61 62 63 64 65 66 
67 68 69 6a 6b 6c 6d 6e 6f 70 71 72 73 74 75 76 
77 61 62 63 64 65 66 67 68 69 
