00 04 75 8d 49 c7 00 aa 00 30 91 09 08 00 45 00 
00 1c 06 1f 20 00 80 01 4b 33 c0 a8 24 20 c0 a8 
24 1e 08 00 0a 5c 03 00 40 00 00 00 00 00 00 00 
00 00 00 00 00 00 00 00 00 00 00 00 

00 04 75 8d 49 c7 00 aa 00 30 91 09 08 00 45 00 
00 1c 06 1f 20 01 80 01 4b 32 c0 a8 24 20 c0 a8 
24 1e 61 62 63 64 65 66 67 68 00 00 00 00 00 00 
00 00 00 00 00 00 00 00 00 00 00 00 

00 04 75 8d 49 c7 00 aa 00 30 91 09 08 00 45 00 
00 1c 06 1f 20 02 80 01 4b 31 c0 a8 24 20 c0 a8 
24 1e 69 6a 6b 6c 6d 6e 6f 70 00 00 00 00 00 00 
00 00 00 00 00 00 00 00 00 00 00 00 

00 04 75 8d 49 c7 00 aa 00 30 91 09 08 00 45 00 
00 1c 06 1f 20 03 80 01 4b 30 c0 a8 24 20 c0 a8 
24 1e 71 72 73 74 75 76 77 61 00 00 00 00 00 00 
00 00 00 00 00 00 00 00 00 00 00 00 

00 04 75 8d 49 c7 00 aa 00 30 91 09 08 00 45 00 
00 1c 06 1f 00 04 80 01 6b 2f c0 a8 24 20 c0 a8 
24 1e 62 63 64 65 66 67 68 69 00 00 00 00 00 00 
00 00 00 00 00 00 00 00 00 00 00 00 

00 aa 00 30 91 0d 00 04 75 8d 49 c7 08 00 45 00 
00 3c af 0c 00 00 40 01 02 26 c0 a8 24 1e c0 a8 
24 20 00 00 12 5c 03 00 40 00 61 62 63 64 65 66 
67 68 69 6a 6b 6c 6d 6e 6f 70 71 72 73 74 75 76 
77 61 62 63 64 65 66 67 68 69 

00 04 75 8d 49 c7 00 aa 00 30 91 09 08 00 45 00 
00 1c 06 20 20 00 80 01 4b 32 c0 a8 24 20 c0 a8 
24 1e 08 00 09 5c 03 00 41 00 00 00 00 00 00 00 
00 00 00 00 00 00 00 00 00 00 00 00 

00 04 75 8d 49 c7 00 aa 00 30 91 09 08 00 45 00 
00 1c 06 20 20 01 80 01 4b 31 c0 a8 24 20 c0 a8 
24 1e 61 62 63 64 65 66 67 68 00 00 00 00 00 00 
00 00 00 00 00 00 00 00 00 00 00 00 

00 04 75 8d 49 c7 00 aa 00 30 91 09 08 00 45 00 
00 1c 06 20 20 02 80 01 4b 30 c0 a8 24 20 c0 a8 
24 1e 69 6a 6b 6c 6d 6e 6f 70 00 00 00 00 00 00 
00 00 00 00 00 00 00 00 00 00 00 00 

00 04 75 8d 49 c7 00 aa 00 30 91 09 08 00 45 00 
00 1c 06 20 20 03 80 01 4b 2f c0 a8 24 20 c0 a8 
24 1e 71 72 73 74 75 76 77 61 00 00 00 00 00 00 
00 00 00 00 00 00 00 00 00 00 00 00 

00 04 75 8d 49 c7 00 aa 00 30 91 09 08 00 45 00 
00 1c 06 20 00 04 80 01 6b 2e c0 a8 24 20 c0 a8 
24 1e 62 63 64 65 66 67 68 69 00 00 00 00 00 00 
00 00 00 00 00 00 00 00 00 00 00 00 

00 aa 00 30 91 0d 00 04 75 8d 49 c7 08 00 45 00 
00 3c af 0d 00 00 40 01 02 25 c0 a8 24 1e c0 a8 
24 20 00 00 11 5c 03 00 41 00 61 62 63 64 65 66 
67 68 69 6a 6b 6c 6d 6e 6f 70 71 72 73 74 75 76 
77 61 62 63 64 65 66 67 68 69 

00 04 75 8d 49 c7 00 aa 00 30 91 09 08 00 45 00 
00 1c 06 21 20 00 80 01 4b 31 c0 a8 24 20 c0 a8 
24 1e 08 00 08 5c 03 00 42 00 00 00 00 00 00 00 
00 00 00 00 00 00 00 00 00 00 00 00 

00 04 75 8d 49 c7 00 aa 00 30 91 09 08 00 45 00 
00 1c 06 21 20 01 80 01 4b 30 c0 a8 24 20 c0 a8 
24 1e 61 62 63 64 65 66 67 68 00 00 00 00 00 00 
00 00 00 00 00 00 00 00 00 00 00 00 

00 04 75 8d 49 c7 00 aa 00 30 91 09 08 00 45 00 
00 1c 06 21 20 02 80 01 4b 2f c0 a8 24 20 c0 a8 
24 1e 69 6a 6b 6c 6d 6e 6f 70 00 00 00 00 00 00 
00 00 00 00 00 00 00 00 00 00 00 00 

00 04 75 8d 49 c7 00 aa 00 30 91 09 08 00 45 00 
00 1c 06 21 20 03 80 01 4b 2e c0 a8 24 20 c0 a8 
24 1e 71 72 73 74 75 76 77 61 00 00 00 00 00 00 
00 00 00 00 00 00 00 00 00 00 00 00 

00 04 75 8d 49 c7 00 aa 00 30 91 09 08 00 45 00 
00 1c 06 21 00 04 80 01 6b 2d c0 a8 24 20 c0 a8 
24 1e 62 63 64 65 66 67 68 69 00 00 00 00 00 00 
00 00 00 00 00 00 00 00 00 00 00 00 

00 aa 00 30 91 0d 00 04 75 8d 49 c7 08 00 45 00 
00 3c af 0e 00 00 40 01 02 24 c0 a8 24 1e c0 a8 
24 20 00 00 10 5c 03 00 42 00 61 62 63 64 65 66 
67 68 69 6a 6b 6c 6d 6e 6f 70 71 72 73 74 75 76 
77 61 62 63 64 65 66 67 68 69 

00 04 75 8d 49 c7 00 aa 00 30 91 09 08 00 45 00 
00 1c 06 22 20 00 80 01 4b 30 c0 a8 24 20 c0 a8 
24 1e 08 00 07 5c 03 00 43 00 00 00 00 00 00 00 
00 00 00 00 00 00 00 00 00 00 00 00 

00 04 75 8d 49 c7 00 aa 00 30 91 09 08 00 45 00 
00 1c 06 22 20 01 80 01 4b 2f c0 a8 24 20 c0 a8 
24 1e 61 62 63 64 65 66 67 68 00 00 00 00 00 00 
00 00 00 00 00 00 00 00 00 00 00 00 

00 04 75 8d 49 c7 00 aa 00 30 91 09 08 00 45 00 
00 1c 06 22 20 02 80 01 4b 2e c0 a8 24 20 c0 a8 
24 1e 69 6a 6b 6c 6d 6e 6f 70 00 00 00 00 00 00 
00 00 00 00 00 00 00 00 00 00 00 00 

00 04 75 8d 49 c7 00 aa 00 30 91 09 08 00 45 00 
00 1c 06 22 20 03 80 01 4b 2d c0 a8 24 20 c0 a8 
24 1e 71 72 73 74 75 76 77 61 00 00 00 00 00 00 
00 00 00 00 00 00 00 00 00 00 00 00 

00 04 75 8d 49 c7 00 aa 00 30 91 09 08 00 45 00 
00 1c 06 22 00 04 80 01 6b 2c c0 a8 24 20 c0 a8 
24 1e 62 63 64 65 66 67 68 69 00 00 00 00 00 00 
00 00 00 00 00 00 00 00 00 00 00 00 

00 aa 00 30 91 0d 00 04 75 8d 49 c7 08 00 45 00 
00 3c af 0f 00 00 40 01 02 23 c0 a8 24 1e c0 a8 
24 20 00 00 0f 5c 03 00 43 00 61 62 63 64 65 66 
67 68 69 6a 6b 6c 6d 6e 6f 70 71 72 73 74 75 76 
77 61 62 63 64 65 66 67 68 69 

00 04 75 8d 49 c7 00 aa 00 30 91 09 08 00 45 00 
00 1c 06 23 20 00 80 01 4b 2f c0 a8 24 20 c0 a8 
24 1e 08 00 06 5c 03 00 44 00 00 00 00 00 00 00 
00 00 00 00 00 00 00 00 00 00 00 00 

00 04 75 8d 49 c7 00 aa 00 30 91 09 08 00 45 00 
00 1c 06 23 20 01 80 01 4b 2e c0 a8 24 20 c0 a8 
24 1e 61 62 63 64 65 66 67 68 00 00 00 00 00 00 
00 00 00 00 00 00 00 00 00 00 00 00 

00 04 75 8d 49 c7 00 aa 00 30 91 09 08 00 45 00 
00 1c 06 23 20 02 80 01 4b 2d c0 a8 24 20 c0 a8 
24 1e 69 6a 6b 6c 6d 6e 6f 70 00 00 00 00 00 00 
00 00 00 00 00 00 00 00 00 00 00 00 

00 04 75 8d 49 c7 00 aa 00 30 91 09 08 00 45 00 
00 1c 06 23 20 03 80 01 4b 2c c0 a8 24 20 c0 a8 
24 1e 71 72 73 74 75 76 77 61 00 00 00 00 00 00 
00 00 00 00 00 00 00 00 00 00 00 00 

00 04 75 8d 49 c7 00 aa 00 30 91 09 08 00 45 00 
00 1c 06 23 00 04 80 01 6b 2b c0 a8 24 20 c0 a8 
24 1e 62 63 64 65 66 67 68 69 00 00 00 00 00 00 
00 00 00 00 00 00 00 00 00 00 00 00 

00 aa 00 30 91 0d 00 04 75 8d 49 c7 08 00 45 00 
00 3c af 10 00 00 40 01 02 22 c0 a8 24 1e c0 a8 
24 20 00 00 0e 5c 03 00 44 00 61 62 63 64 65 66 
67 68 69 6a 6b 6c 6d 6e 6f 70 71 72 73 74 75 76 
77 61 62 63 64 65 66 67 68 69 
