00 04 75 8d 49 c7 00 aa 00 30 91 09 08 00 45 00 
00 1c 04 8a 20 01 80 01 4c c7 c0 a8 24 20 c0 a8 
24 1e 00 00 00 00 00 00 00 00 00 00 00 00 00 00 
00 00 00 00 00 00 00 00 00 00 00 00 

00 04 75 8d 49 c7 00 aa 00 30 91 09 08 00 45 00 
00 24 04 8a 20 00 80 01 4c c0 c0 a8 24 20 c0 a8 
24 1e 08 00 25 5c 03 00 25 00 61 62 63 64 65 66 
67 68 00 00 00 00 00 00 00 00 00 00 

00 04 75 8d 49 c7 00 aa 00 30 91 09 08 00 45 00 
00 1c 04 8a 20 03 80 01 4c c5 c0 a8 24 20 c0 a8 
24 1e 00 00 00 00 00 00 00 00 00 00 00 00 00 00 
00 00 00 00 00 00 00 00 00 00 00 00 

00 04 75 8d 49 c7 00 aa 00 30 91 09 08 00 45 00 
00 24 04 8a 20 02 80 01 4c be c0 a8 24 20 c0 a8 
24 1e 69 6a 6b 6c 6d 6e 6f 70 71 72 73 74 75 76 
77 61 00 00 00 00 00 00 00 00 00 00 

00 04 75 8d 49 c7 00 aa 00 30 91 09 08 00 45 00 
00 1c 04 8a 00 04 80 01 6c c4 c0 a8 24 20 c0 a8 
24 1e 62 63 64 65 66 67 68 69 00 00 00 00 00 00 
00 00 00 00 00 00 00 00 00 00 00 00 

00 aa 00 30 91 0d 00 04 75 8d 49 c7 08 00 45 00 
00 3c ae f1 00 00 40 01 02 41 c0 a8 24 1e c0 a8 
24 20 00 00 2d 5c 03 00 25 00 61 62 63 64 65 66 
67 68 69 6a 6b 6c 6d 6e 6f 70 71 72 73 74 75 76 
77 61 62 63 64 65 66 67 68 69 

00 04 75 8d 49 c7 00 aa 00 30 91 09 08 00 45 00 
00 1c 04 8b 20 01 80 01 4c c6 c0 a8 24 20 c0 a8 
24 1e 00 00 00 00 00 00 00 00 00 00 00 00 00 00 
00 00 00 00 00 00 00 00 00 00 00 00 

00 04 75 8d 49 c7 00 aa 00 30 91 09 08 00 45 00 
00 24 04 8b 20 00 80 01 4c bf c0 a8 24 20 c0 a8 
24 1e 08 00 24 5c 03 00 26 00 61 62 63 64 65 66 
67 68 00 00 00 00 00 00 00 00 00 00 

00 04 75 8d 49 c7 00 aa 00 30 91 09 08 00 45 00 
00 1c 04 8b 20 03 80 01 4c c4 c0 a8 24 20 c0 a8 
24 1e 00 00 00 00 00 00 00 00 00 00 00 00 00 00 
00 00 00 00 00 00 00 00 00 00 00 00 

00 04 75 8d 49 c7 00 aa 00 30 91 09 08 00 45 00 
00 24 04 8b 20 02 80 01 4c bd c0 a8 24 20 c0 a8 
24 1e 69 6a 6b 6c 6d 6e 6f 70 71 72 73 74 75 76 
77 61 00 00 00 00 00 00 00 00 00 00 

00 04 75 8d 49 c7 00 aa 00 30 91 09 08 00 45 00 
00 1c 04 8b 00 04 80 01 6c c3 c0 a8 24 20 c0 a8 
24 1e 62 63 64 65 66 67 68 69 00 00 00 00 00 00 
00 00 00 00 00 00 00 00 00 00 00 00 

00 aa 00 30 91 0d 00 04 75 8d 49 c7 08 00 45 00 
00 3c ae f2 00 00 40 01 02 40 c0 a8 24 1e c0 a8 
24 20 00 00 2c 5c 03 00 26 00 61 62 63 64 65 66 
67 68 69 6a 6b 6c 6d 6e 6f 70 71 72 73 74 75 76 
77 61 62 63 64 65 66 67 68 69 

00 04 75 8d 49 c7 00 aa 00 30 91 09 08 00 45 00 
00 1c 04 8c 20 01 80 01 4c c5 c0 a8 24 20 c0 a8 
24 1e 00 00 00 00 00 00 00 00 00 00 00 00 00 00 
00 00 00 00 00 00 00 00 00 00 00 00 

00 04 75 8d 49 c7 00 aa 00 30 91 09 08 00 45 00 
00 24 04 8c 20 00 80 01 4c be c0 a8 24 20 c0 a8 
24 1e 08 00 23 5c 03 00 27 00 61 62 63 64 65 66 
67 68 00 00 00 00 00 00 00 00 00 00 

00 04 75 8d 49 c7 00 aa 00 30 91 09 08 00 45 00 
00 1c 04 8c 20 03 80 01 4c c3 c0 a8 24 20 c0 a8 
24 1e 00 00 00 00 00 00 00 00 00 00 00 00 00 00 
00 00 00 00 00 00 00 00 00 00 00 00 

00 04 75 8d 49 c7 00 aa 00 30 91 09 08 00 45 00 
00 24 04 8c 20 02 80 01 4c bc c0 a8 24 20 c0 a8 
24 1e 69 6a 6b 6c 6d 6e 6f 70 71 72 73 74 75 76 
77 61 00 00 00 00 00 00 00 00 00 00 

00 04 75 8d 49 c7 00 aa 00 30 91 09 08 00 45 00 
00 1c 04 8c 00 04 80 01 6c c2 c0 a8 24 20 c0 a8 
24 1e 62 63 64 65 66 67 68 69 00 00 00 00 00 00 
00 00 00 00 00 00 00 00 00 00 00 00 

00 aa 00 30 91 0d 00 04 75 8d 49 c7 08 00 45 00 
00 3c ae f3 00 00 40 01 02 3f c0 a8 24 1e c0 a8 
24 20 00 00 2b 5c 03 00 27 00 61 62 63 64 65 66 
67 68 69 6a 6b 6c 6d 6e 6f 70 71 72 73 74 75 76 
77 61 62 63 64 65 66 67 68 69 

00 04 75 8d 49 c7 00 aa 00 30 91 09 08 00 45 00 
00 1c 04 8d 20 01 80 01 4c c4 c0 a8 24 20 c0 a8 
24 1e 00 00 00 00 00 00 00 00 00 00 00 00 00 00 
00 00 00 00 00 00 00 00 00 00 00 00 

00 04 75 8d 49 c7 00 aa 00 30 91 09 08 00 45 00 
00 24 04 8d 20 00 80 01 4c bd c0 a8 24 20 c0 a8 
24 1e 08 00 22 5c 03 00 28 00 61 62 63 64 65 66 
67 68 00 00 00 00 00 00 00 00 00 00 

00 04 75 8d 49 c7 00 aa 00 30 91 09 08 00 45 00 
00 1c 04 8d 20 03 80 01 4c c2 c0 a8 24 20 c0 a8 
24 1e 00 00 00 00 00 00 00 00 00 00 00 00 00 00 
00 00 00 00 00 00 00 00 00 00 00 00 

00 04 75 8d 49 c7 00 aa 00 30 91 09 08 00 45 00 
00 24 04 8d 20 02 80 01 4c bb c0 a8 24 20 c0 a8 
24 1e 69 6a 6b 6c 6d 6e 6f 70 71 72 73 74 75 76 
77 61 00 00 00 00 00 00 00 00 00 00 

00 04 75 8d 49 c7 00 aa 00 30 91 09 08 00 45 00 
00 1c 04 8d 00 04 80 01 6c c1 c0 a8 24 20 c0 a8 
24 1e 62 63 64 65 66 67 68 69 00 00 00 00 00 00 
00 00 00 00 00 00 00 00 00 00 00 00 

00 aa 00 30 91 0d 00 04 75 8d 49 c7 08 00 45 00 
00 3c ae f4 00 00 40 01 02 3e c0 a8 24 1e c0 a8 
24 20 00 00 2a 5c 03 00 28 00 61 62 63 64 65 66 
67 68 69 6a 6b 6c 6d 6e 6f 70 71 72 73 74 75 76 
77 61 62 63 64 65 66 67 68 69 
