00 04 75 8d 49 c7 00 aa 00 30 91 09 08 00 45 00 
00 18 08 ab 00 03 80 06 68 a3 c0 a8 24 20 c0 a8 
24 1e 01 01 04 02 00 00 00 00 00 00 00 00 00 00 
00 00 00 00 00 00 00 00 00 00 00 00 

00 04 75 8d 49 c7 00 aa 00 30 91 09 08 00 45 00 
00 1c 08 ab 20 01 80 06 48 a1 c0 a8 24 20 c0 a8 
24 1e 00 00 00 00 70 02 40 00 00 00 00 00 00 00 
00 00 00 00 00 00 00 00 00 00 00 00 

00 04 75 8d 49 c7 00 aa 00 30 91 09 08 00 45 00 
00 1c 08 ab 20 02 80 06 48 a0 c0 a8 24 20 c0 a8 
24 1e 7a e9 00 00 02 04 05 b4 00 00 00 00 00 00 
00 00 00 00 00 00 00 00 00 00 00 00 

00 04 75 8d 49 c7 00 aa 00 30 91 09 08 00 45 00 
00 1c 08 ab 20 00 80 06 48 a2 c0 a8 24 20 c0 a8 
24 1e 04 3e 00 17 65 53 94 fe 00 00 00 00 00 00 
00 00 00 00 00 00 00 00 00 00 00 00 

00 aa 00 30 91 0d 00 04 75 8d 49 c7 08 00 45 00 
00 30 00 00 40 00 40 06 71 39 c0 a8 24 1e c0 a8 
24 20 00 17 04 3e 38 98 94 05 65 53 94 ff 70 12 
16 d0 d7 6a 00 00 02 04 05 b4 01 01 04 02 

00 04 75 8d 49 c7 00 aa 00 30 91 09 08 00 45 00 
00 18 08 ac 00 02 80 06 68 a3 c0 a8 24 20 c0 a8 
24 1e d6 8e 00 00 00 00 00 00 00 00 00 00 00 00 
00 00 00 00 00 00 00 00 00 00 00 00 

00 04 75 8d 49 c7 00 aa 00 30 91 09 08 00 45 00 
00 1c 08 ac 20 01 80 06 48 a0 c0 a8 24 20 c0 a8 
24 1e 38 98 94 06 50 10 44 70 00 00 00 00 00 00 
00 00 00 00 00 00 00 00 00 00 00 00 

00 04 75 8d 49 c7 00 aa 00 30 91 09 08 00 45 00 
00 1c 08 ac 20 00 80 06 48 a1 c0 a8 24 20 c0 a8 
24 1e 04 3e 00 17 65 53 94 ff 00 00 00 00 00 00 
00 00 00 00 00 00 00 00 00 00 00 00 

00 aa 00 30 91 0d 00 04 75 8d 49 c7 08 00 45 10 
00 34 dc 1b 40 00 40 06 95 09 c0 a8 24 1e c0 a8 
24 20 00 17 04 3e 38 98 94 06 65 53 94 ff 50 18 
16 d0 cc d7 00 00 ff fd 18 ff fd 20 ff fd 23 ff 
fd 27 

00 04 75 8d 49 c7 00 aa 00 30 91 09 08 00 45 00 
00 16 08 ad 00 03 80 06 68 a3 c0 a8 24 20 c0 a8 
24 1e fb 1f 00 00 00 00 00 00 00 00 00 00 00 00 
00 00 00 00 00 00 00 00 00 00 00 00 

00 04 75 8d 49 c7 00 aa 00 30 91 09 08 00 45 00 
00 1c 08 ad 20 01 80 06 48 9f c0 a8 24 20 c0 a8 
24 1e 38 98 94 12 50 18 44 64 00 00 00 00 00 00 
00 00 00 00 00 00 00 00 00 00 00 00 

00 04 75 8d 49 c7 00 aa 00 30 91 09 08 00 45 00 
00 1c 08 ad 20 02 80 06 48 9e c0 a8 24 20 c0 a8 
24 1e c2 65 00 00 ff fb 18 ff 00 00 00 00 00 00 
00 00 00 00 00 00 00 00 00 00 00 00 

00 04 75 8d 49 c7 00 aa 00 30 91 09 08 00 45 00 
00 1c 08 ad 20 00 80 06 48 a0 c0 a8 24 20 c0 a8 
24 1e 04 3e 00 17 65 53 94 ff 00 00 00 00 00 00 
00 00 00 00 00 00 00 00 00 00 00 00 

00 aa 00 30 91 0d 00 04 75 8d 49 c7 08 00 45 10 
00 28 dc 1c 40 00 40 06 95 14 c0 a8 24 1e c0 a8 
24 20 00 17 04 3e 38 98 94 12 65 53 95 05 50 10 
16 d0 04 1d 00 00 00 00 00 00 00 00 

00 aa 00 30 91 0d 00 04 75 8d 49 c7 08 00 45 10 
00 2b dc 1d 40 00 40 06 95 10 c0 a8 24 1e c0 a8 
24 20 00 17 04 3e 38 98 94 12 65 53 95 05 50 18 
16 d0 e5 13 00 00 ff fd 1f 00 00 00 

00 04 75 8d 49 c7 00 aa 00 30 91 09 08 00 45 00 
00 19 08 ae 00 03 80 06 68 9f c0 a8 24 20 c0 a8 
24 1e fc 23 ff fc 27 00 00 00 00 00 00 00 00 00 
00 00 00 00 00 00 00 00 00 00 00 00 

00 04 75 8d 49 c7 00 aa 00 30 91 09 08 00 45 00 
00 1c 08 ae 20 01 80 06 48 9e c0 a8 24 20 c0 a8 
24 1e 38 98 94 12 50 18 44 64 00 00 00 00 00 00 
00 00 00 00 00 00 00 00 00 00 00 00 

00 04 75 8d 49 c7 00 aa 00 30 91 09 08 00 45 00 
00 1c 08 ae 20 02 80 06 48 9d c0 a8 24 20 c0 a8 
24 1e 92 5a 00 00 ff fc 20 ff 00 00 00 00 00 00 
00 00 00 00 00 00 00 00 00 00 00 00 

00 04 75 8d 49 c7 00 aa 00 30 91 09 08 00 45 00 
00 1c 08 ae 20 00 80 06 48 9f c0 a8 24 20 c0 a8 
24 1e 04 3e 00 17 65 53 95 05 00 00 00 00 00 00 
00 00 00 00 00 00 00 00 00 00 00 00 

00 aa 00 30 91 0d 00 04 75 8d 49 c7 08 00 45 10 
00 28 dc 1e 40 00 40 06 95 12 c0 a8 24 1e c0 a8 
24 20 00 17 04 3e 38 98 94 15 65 53 95 0e 50 10 
16 d0 04 11 00 00 00 00 00 00 00 00 

00 04 75 8d 49 c7 00 aa 00 30 91 09 08 00 45 00 
00 1c 08 af 00 03 80 06 68 9b c0 a8 24 20 c0 a8 
24 1e fa 1f 00 50 00 19 ff f0 00 00 00 00 00 00 
00 00 00 00 00 00 00 00 00 00 00 00 

00 04 75 8d 49 c7 00 aa 00 30 91 09 08 00 45 00 
00 1c 08 af 20 01 80 06 48 9d c0 a8 24 20 c0 a8 
24 1e 38 98 94 15 50 18 44 61 00 00 00 00 00 00 
00 00 00 00 00 00 00 00 00 00 00 00 

00 04 75 8d 49 c7 00 aa 00 30 91 09 08 00 45 00 
00 1c 08 af 20 02 80 06 48 9c c0 a8 24 20 c0 a8 
24 1e bb f6 00 00 ff fb 1f ff 00 00 00 00 00 00 
00 00 00 00 00 00 00 00 00 00 00 00 

00 04 75 8d 49 c7 00 aa 00 30 91 09 08 00 45 00 
00 1c 08 af 20 00 80 06 48 9e c0 a8 24 20 c0 a8 
24 1e 04 3e 00 17 65 53 95 0e 00 00 00 00 00 00 
00 00 00 00 00 00 00 00 00 00 00 00 

00 aa 00 30 91 0d 00 04 75 8d 49 c7 08 00 45 10 
00 2e dc 1f 40 00 40 06 95 0b c0 a8 24 1e c0 a8 
24 20 00 17 04 3e 38 98 94 15 65 53 95 1a 50 18 
16 d0 ec 09 00 00 ff fa 18 01 ff f0 

00 04 75 8d 49 c7 00 aa 00 30 91 09 08 00 45 00 
00 1a 08 b0 00 03 80 06 68 9c c0 a8 24 20 c0 a8 
24 1e 41 4e 53 49 ff f0 00 00 00 00 00 00 00 00 
00 00 00 00 00 00 00 00 00 00 00 00 

00 04 75 8d 49 c7 00 aa 00 30 91 09 08 00 45 00 
00 1c 08 b0 20 01 80 06 48 9c c0 a8 24 20 c0 a8 
24 1e 38 98 94 1b 50 18 44 5b 00 00 00 00 00 00 
00 00 00 00 00 00 00 00 00 00 00 00 

00 04 75 8d 49 c7 00 aa 00 30 91 09 08 00 45 00 
00 1c 08 b0 20 02 80 06 48 9b c0 a8 24 20 c0 a8 
24 1e 29 de 00 00 ff fa 18 00 00 00 00 00 00 00 
00 00 00 00 00 00 00 00 00 00 00 00 

00 04 75 8d 49 c7 00 aa 00 30 91 09 08 00 45 00 
00 1c 08 b0 20 00 80 06 48 9d c0 a8 24 20 c0 a8 
24 1e 04 3e 00 17 65 53 95 1a 00 00 00 00 00 00 
00 00 00 00 00 00 00 00 00 00 00 00 

00 aa 00 30 91 0d 00 04 75 8d 49 c7 08 00 45 10 
00 34 dc 20 40 00 40 06 95 04 c0 a8 24 1e c0 a8 
24 20 00 17 04 3e 38 98 94 1b 65 53 95 24 50 18 
16 d0 ff c6 00 00 ff fb 03 ff fd 01 ff fb 05 ff 
fd 21 

00 04 75 8d 49 c7 00 aa 00 30 91 09 08 00 45 00 
00 1b 08 b1 00 02 80 06 68 9b c0 a8 24 20 c0 a8 
24 1e d3 60 00 00 ff fd 03 00 00 00 00 00 00 00 
00 00 00 00 00 00 00 00 00 00 00 00 

00 04 75 8d 49 c7 00 aa 00 30 91 09 08 00 45 00 
00 1c 08 b1 20 01 80 06 48 9b c0 a8 24 20 c0 a8 
24 1e 38 98 94 27 50 18 44 4f 00 00 00 00 00 00 
00 00 00 00 00 00 00 00 00 00 00 00 

00 04 75 8d 49 c7 00 aa 00 30 91 09 08 00 45 00 
00 1c 08 b1 20 00 80 06 48 9c c0 a8 24 20 c0 a8 
24 1e 04 3e 00 17 65 53 95 24 00 00 00 00 00 00 
00 00 00 00 00 00 00 00 00 00 00 00 

00 aa 00 30 91 0d 00 04 75 8d 49 c7 08 00 45 10 
00 28 dc 21 40 00 40 06 95 0f c0 a8 24 1e c0 a8 
24 20 00 17 04 3e 38 98 94 27 65 53 95 27 50 10 
16 d0 03 e6 00 00 00 00 00 00 00 00 

00 04 75 8d 49 c7 00 aa 00 30 91 09 08 00 45 00 
00 19 08 b2 00 03 80 06 68 9b c0 a8 24 20 c0 a8 
24 1e fe 05 ff fc 21 00 00 00 00 00 00 00 00 00 
00 00 00 00 00 00 00 00 00 00 00 00 

00 04 75 8d 49 c7 00 aa 00 30 91 09 08 00 45 00 
00 1c 08 b2 20 01 80 06 48 9a c0 a8 24 20 c0 a8 
24 1e 38 98 94 27 50 18 44 4f 00 00 00 00 00 00 
00 00 00 00 00 00 00 00 00 00 00 00 

00 04 75 8d 49 c7 00 aa 00 30 91 09 08 00 45 00 
00 1c 08 b2 20 02 80 06 48 99 c0 a8 24 20 c0 a8 
24 1e b5 57 00 00 ff fb 01 ff 00 00 00 00 00 00 
00 00 00 00 00 00 00 00 00 00 00 00 

00 04 75 8d 49 c7 00 aa 00 30 91 09 08 00 45 00 
00 1c 08 b2 20 00 80 06 48 9b c0 a8 24 20 c0 a8 
24 1e 04 3e 00 17 65 53 95 27 00 00 00 00 00 00 
00 00 00 00 00 00 00 00 00 00 00 00 

00 aa 00 30 91 0d 00 04 75 8d 49 c7 08 00 45 10 
00 28 dc 22 40 00 40 06 95 0e c0 a8 24 1e c0 a8 
24 20 00 17 04 3e 38 98 94 27 65 53 95 30 50 10 
16 d0 03 dd 00 00 00 00 00 00 00 00 

00 aa 00 30 91 0d 00 04 75 8d 49 c7 08 00 45 10 
03 1b dc 23 40 00 40 06 92 1a c0 a8 24 1e c0 a8 
24 20 00 17 04 3e 38 98 94 27 65 53 95 30 50 18 
16 d0 bc a9 00 00 ff fe 01 ff fb 01 2a 2a 2a 2a 
57 65 6c 63 6f 6d 65 20 74 6f 20 74 68 65 20 4e 
65 74 77 6f 72 6b 20 53 65 63 75 72 69 74 79 20 
74 65 6c 6e 65 74 20 73 65 72 76 65 72 2a 2a 2a 
2a 0d 0a 54 68 69 73 20 63 6f 6d 70 75 74 65 72 
20 73 79 73 74 65 6d 20 69 6e 63 6c 75 64 69 6e 
67 20 61 6c 6c 20 72 65 6c 61 74 65 64 20 65 71 
75 69 70 6d 65 6e 74 2c 20 6e 65 74 77 6f 72 6b 
73 2c 20 61 6e 64 0d 0a 6e 65 74 77 6f 72 6b 20 
64 65 76 69 63 65 73 2c 20 61 72 65 20 70 72 6f 
76 69 64 65 64 20 6f 6e 6c 79 20 66 6f 72 20 61 
75 74 68 6f 72 69 7a 65 64 20 75 73 65 2e 20 20 
54 68 69 73 20 63 6f 6d 70 75 74 65 72 0d 0a 73 
79 73 74 65 6d 20 6d 61 79 20 62 65 20 6d 6f 6e 
69 74 6f 72 65 64 20 66 6f 72 20 61 6c 6c 20 6c 
61 77 66 75 6c 20 70 75 72 70 6f 73 65 73 2c 20 
69 6e 63 6c 75 64 69 6e 67 20 74 6f 20 65 6e 73 
75 72 65 20 74 68 61 74 0d 0a 75 73 65 20 69 73 
20 61 75 74 68 6f 72 69 7a 65 64 2c 20 66 6f 72 
20 6d 61 6e 61 67 65 6d 65 6e 74 20 6f 66 20 74 
68 65 20 73 79 73 74 65 6d 2c 20 74 6f 20 66 61 
63 69 6c 69 74 61 74 65 20 70 72 6f 74 65 63 74 
69 6f 6e 0d 0a 61 67 61 69 6e 73 74 20 75 6e 61 
75 74 68 6f 72 69 7a 65 64 20 61 63 63 65 73 73 
2c 20 61 6e 64 20 74 6f 20 76 65 72 69 66 79 20 
73 65 63 75 72 69 74 79 20 70 72 6f 63 65 64 75 
72 65 73 2c 20 0d 0a 73 75 72 76 69 76 61 62 69 
6c 69 74 79 20 61 6e 64 20 6f 70 65 72 61 74 69 
6f 6e 61 6c 20 73 65 63 75 72 69 74 79 2e 20 20 
44 75 72 69 6e 67 20 6d 6f 6e 69 74 6f 72 69 6e 
67 20 69 6e 66 6f 72 6d 61 74 69 6f 6e 20 6d 61 
79 0d 0a 62 65 20 65 78 61 6d 69 6e 65 64 2c 20 
72 65 63 6f 72 64 65 64 2c 20 63 6f 70 69 65 64 
20 61 6e 64 20 75 73 65 64 20 66 6f 72 20 61 75 
74 68 6f 72 69 7a 65 64 20 70 75 72 70 6f 73 65 
73 2e 20 20 41 6c 6c 20 0d 0a 69 6e 66 6f 72 6d 
61 74 69 6f 6e 2c 20 69 6e 63 6c 75 64 69 6e 67 
20 70 65 72 73 6f 6e 61 6c 20 69 6e 66 6f 72 6d 
61 74 69 6f 6e 20 70 6c 61 63 65 64 20 6f 6e 20 
6f 72 20 73 65 6e 74 20 6f 76 65 72 20 74 68 69 
73 0d 0a 73 79 73 74 65 6d 20 6d 61 79 20 62 65 
20 6d 6f 6e 69 74 6f 72 65 64 2e 20 20 55 6e 61 
75 74 68 6f 72 69 7a 65 64 20 75 73 65 20 6d 61 
79 20 73 75 62 6a 65 63 74 20 79 6f 75 20 74 6f 
20 63 72 69 6d 69 6e 61 6c 20 0d 0a 70 72 6f 73 
65 63 75 74 69 6f 6e 2e 0d 0a 0d 0a 54 68 61 6e 
6b 20 79 6f 75 2c 20 68 61 76 65 20 61 20 6e 69 
63 65 20 44 61 79 2e 0d 0a 

00 04 75 8d 49 c7 00 aa 00 30 91 09 08 00 45 00 
00 1b 08 b3 00 02 80 06 68 99 c0 a8 24 20 c0 a8 
24 1e d5 55 00 00 ff fc 01 00 00 00 00 00 00 00 
00 00 00 00 00 00 00 00 00 00 00 00 

00 04 75 8d 49 c7 00 aa 00 30 91 09 08 00 45 00 
00 1c 08 b3 20 01 80 06 48 99 c0 a8 24 20 c0 a8 
24 1e 38 98 97 1a 50 18 41 5c 00 00 00 00 00 00 
00 00 00 00 00 00 00 00 00 00 00 00 

00 04 75 8d 49 c7 00 aa 00 30 91 09 08 00 45 00 
00 1c 08 b3 20 00 80 06 48 9a c0 a8 24 20 c0 a8 
24 1e 04 3e 00 17 65 53 95 30 00 00 00 00 00 00 
00 00 00 00 00 00 00 00 00 00 00 00 

00 aa 00 30 91 0d 00 04 75 8d 49 c7 08 00 45 10 
00 2f dc 24 40 00 40 06 95 05 c0 a8 24 1e c0 a8 
24 20 00 17 04 3e 38 98 97 1a 65 53 95 33 50 18 
16 d0 9e c4 00 00 6c 6f 67 69 6e 3a 20 

00 04 75 8d 49 c7 00 aa 00 30 91 09 08 00 45 00 
00 1b 08 b4 00 02 80 06 68 98 c0 a8 24 20 c0 a8 
24 1e d5 51 00 00 ff fd 01 00 00 00 00 00 00 00 
00 00 00 00 00 00 00 00 00 00 00 00 

00 04 75 8d 49 c7 00 aa 00 30 91 09 08 00 45 00 
00 1c 08 b4 20 01 80 06 48 98 c0 a8 24 20 c0 a8 
24 1e 38 98 97 21 50 18 41 55 00 00 00 00 00 00 
00 00 00 00 00 00 00 00 00 00 00 00 

00 04 75 8d 49 c7 00 aa 00 30 91 09 08 00 45 00 
00 1c 08 b4 20 00 80 06 48 99 c0 a8 24 20 c0 a8 
24 1e 04 3e 00 17 65 53 95 33 00 00 00 00 00 00 
00 00 00 00 00 00 00 00 00 00 00 00 

00 aa 00 30 91 0d 00 04 75 8d 49 c7 08 00 45 10 
00 28 dc 25 40 00 40 06 95 0b c0 a8 24 1e c0 a8 
24 20 00 17 04 3e 38 98 97 21 65 53 95 36 50 10 
16 d0 00 dd 00 00 00 00 00 00 00 00 

00 04 75 8d 49 c7 00 aa 00 30 91 09 08 00 45 00 
00 19 08 b5 00 02 80 06 68 99 c0 a8 24 20 c0 a8 
24 1e 6b 4e 00 00 6b 00 00 00 00 00 00 00 00 00 
00 00 00 00 00 00 00 00 00 00 00 00 

00 04 75 8d 49 c7 00 aa 00 30 91 09 08 00 45 00 
00 1c 08 b5 20 01 80 06 48 97 c0 a8 24 20 c0 a8 
24 1e 38 98 97 21 50 18 41 55 00 00 00 00 00 00 
00 00 00 00 00 00 00 00 00 00 00 00 

00 04 75 8d 49 c7 00 aa 00 30 91 09 08 00 45 00 
00 1c 08 b5 20 00 80 06 48 98 c0 a8 24 20 c0 a8 
24 1e 04 3e 00 17 65 53 95 36 00 00 00 00 00 00 
00 00 00 00 00 00 00 00 00 00 00 00 

00 aa 00 30 91 0d 00 04 75 8d 49 c7 08 00 45 10 
00 28 dc 26 40 00 40 06 95 0a c0 a8 24 1e c0 a8 
24 20 00 17 04 3e 38 98 97 21 65 53 95 37 50 10 
16 d0 00 dc 00 00 00 00 00 00 00 00 

00 aa 00 30 91 0d 00 04 75 8d 49 c7 08 00 45 10 
00 29 dc 27 40 00 40 06 95 08 c0 a8 24 1e c0 a8 
24 20 00 17 04 3e 38 98 97 21 65 53 95 37 50 18 
16 d0 95 d2 00 00 6b 00 00 00 00 00 

00 04 75 8d 49 c7 00 aa 00 30 91 09 08 00 45 00 
00 18 08 b6 00 02 80 06 68 99 c0 a8 24 20 c0 a8 
24 1e d6 56 00 00 00 00 00 00 00 00 00 00 00 00 
00 00 00 00 00 00 00 00 00 00 00 00 

00 04 75 8d 49 c7 00 aa 00 30 91 09 08 00 45 00 
00 1c 08 b6 20 01 80 06 48 96 c0 a8 24 20 c0 a8 
24 1e 38 98 97 22 50 10 41 54 00 00 00 00 00 00 
00 00 00 00 00 00 00 00 00 00 00 00 

00 04 75 8d 49 c7 00 aa 00 30 91 09 08 00 45 00 
00 1c 08 b6 20 00 80 06 48 97 c0 a8 24 20 c0 a8 
24 1e 04 3e 00 17 65 53 95 37 00 00 00 00 00 00 
00 00 00 00 00 00 00 00 00 00 00 00 

00 04 75 8d 49 c7 00 aa 00 30 91 09 08 00 45 00 
00 19 08 b7 00 02 80 06 68 97 c0 a8 24 20 c0 a8 
24 1e 6d 4d 00 00 69 00 00 00 00 00 00 00 00 00 
00 00 00 00 00 00 00 00 00 00 00 00 

00 04 75 8d 49 c7 00 aa 00 30 91 09 08 00 45 00 
00 1c 08 b7 20 01 80 06 48 95 c0 a8 24 20 c0 a8 
24 1e 38 98 97 22 50 18 41 54 00 00 00 00 00 00 
00 00 00 00 00 00 00 00 00 00 00 00 

00 04 75 8d 49 c7 00 aa 00 30 91 09 08 00 45 00 
00 1c 08 b7 20 00 80 06 48 96 c0 a8 24 20 c0 a8 
24 1e 04 3e 00 17 65 53 95 37 00 00 00 00 00 00 
00 00 00 00 00 00 00 00 00 00 00 00 

00 aa 00 30 91 0d 00 04 75 8d 49 c7 08 00 45 10 
00 29 dc 28 40 00 40 06 95 07 c0 a8 24 1e c0 a8 
24 20 00 17 04 3e 38 98 97 22 65 53 95 38 50 18 
16 d0 97 d0 00 00 69 00 00 00 00 00 

00 04 75 8d 49 c7 00 aa 00 30 91 09 08 00 45 00 
00 19 08 b8 00 02 80 06 68 96 c0 a8 24 20 c0 a8 
24 1e 72 4c 00 00 64 00 00 00 00 00 00 00 00 00 
00 00 00 00 00 00 00 00 00 00 00 00 

00 04 75 8d 49 c7 00 aa 00 30 91 09 08 00 45 00 
00 1c 08 b8 20 01 80 06 48 94 c0 a8 24 20 c0 a8 
24 1e 38 98 97 23 50 18 41 53 00 00 00 00 00 00 
00 00 00 00 00 00 00 00 00 00 00 00 

00 04 75 8d 49 c7 00 aa 00 30 91 09 08 00 45 00 
00 1c 08 b8 20 00 80 06 48 95 c0 a8 24 20 c0 a8 
24 1e 04 3e 00 17 65 53 95 38 00 00 00 00 00 00 
00 00 00 00 00 00 00 00 00 00 00 00 

00 aa 00 30 91 0d 00 04 75 8d 49 c7 08 00 45 10 
00 29 dc 29 40 00 40 06 95 06 c0 a8 24 1e c0 a8 
24 20 00 17 04 3e 38 98 97 23 65 53 95 39 50 18 
16 d0 9c ce 00 00 64 00 00 00 00 00 

00 04 75 8d 49 c7 00 aa 00 30 91 09 08 00 45 00 
00 18 08 b9 00 02 80 06 68 96 c0 a8 24 20 c0 a8 
24 1e d6 54 00 00 00 00 00 00 00 00 00 00 00 00 
00 00 00 00 00 00 00 00 00 00 00 00 

00 04 75 8d 49 c7 00 aa 00 30 91 09 08 00 45 00 
00 1c 08 b9 20 01 80 06 48 93 c0 a8 24 20 c0 a8 
24 1e 38 98 97 24 50 10 41 52 00 00 00 00 00 00 
00 00 00 00 00 00 00 00 00 00 00 00 

00 04 75 8d 49 c7 00 aa 00 30 91 09 08 00 45 00 
00 1c 08 b9 20 00 80 06 48 94 c0 a8 24 20 c0 a8 
24 1e 04 3e 00 17 65 53 95 39 00 00 00 00 00 00 
00 00 00 00 00 00 00 00 00 00 00 00 

00 04 75 8d 49 c7 00 aa 00 30 91 09 08 00 45 00 
00 19 08 ba 00 02 80 06 68 94 c0 a8 24 20 c0 a8 
24 1e 64 4b 00 00 72 00 00 00 00 00 00 00 00 00 
00 00 00 00 00 00 00 00 00 00 00 00 

00 04 75 8d 49 c7 00 aa 00 30 91 09 08 00 45 00 
00 1c 08 ba 20 01 80 06 48 92 c0 a8 24 20 c0 a8 
24 1e 38 98 97 24 50 18 41 52 00 00 00 00 00 00 
00 00 00 00 00 00 00 00 00 00 00 00 

00 04 75 8d 49 c7 00 aa 00 30 91 09 08 00 45 00 
00 1c 08 ba 20 00 80 06 48 93 c0 a8 24 20 c0 a8 
24 1e 04 3e 00 17 65 53 95 39 00 00 00 00 00 00 
00 00 00 00 00 00 00 00 00 00 00 00 

00 aa 00 30 91 0d 00 04 75 8d 49 c7 08 00 45 10 
00 29 dc 2a 40 00 40 06 95 05 c0 a8 24 1e c0 a8 
24 20 00 17 04 3e 38 98 97 24 65 53 95 3a 50 18 
16 d0 8e cc 00 00 72 00 00 00 00 00 

00 04 75 8d 49 c7 00 aa 00 30 91 09 08 00 45 00 
00 19 08 bb 00 02 80 06 68 93 c0 a8 24 20 c0 a8 
24 1e 67 4a 00 00 6f 00 00 00 00 00 00 00 00 00 
00 00 00 00 00 00 00 00 00 00 00 00 

00 04 75 8d 49 c7 00 aa 00 30 91 09 08 00 45 00 
00 1c 08 bb 20 01 80 06 48 91 c0 a8 24 20 c0 a8 
24 1e 38 98 97 25 50 18 41 51 00 00 00 00 00 00 
00 00 00 00 00 00 00 00 00 00 00 00 

00 04 75 8d 49 c7 00 aa 00 30 91 09 08 00 45 00 
00 1c 08 bb 20 00 80 06 48 92 c0 a8 24 20 c0 a8 
24 1e 04 3e 00 17 65 53 95 3a 00 00 00 00 00 00 
00 00 00 00 00 00 00 00 00 00 00 00 

00 aa 00 30 91 0d 00 04 75 8d 49 c7 08 00 45 10 
00 29 dc 2b 40 00 40 06 95 04 c0 a8 24 1e c0 a8 
24 20 00 17 04 3e 38 98 97 25 65 53 95 3b 50 18 
16 d0 91 ca 00 00 6f 00 00 00 00 00 

00 04 75 8d 49 c7 00 aa 00 30 91 09 08 00 45 00 
00 19 08 bc 00 02 80 06 68 92 c0 a8 24 20 c0 a8 
24 1e 73 49 00 00 63 00 00 00 00 00 00 00 00 00 
00 00 00 00 00 00 00 00 00 00 00 00 

00 04 75 8d 49 c7 00 aa 00 30 91 09 08 00 45 00 
00 1c 08 bc 20 01 80 06 48 90 c0 a8 24 20 c0 a8 
24 1e 38 98 97 26 50 18 41 50 00 00 00 00 00 00 
00 00 00 00 00 00 00 00 00 00 00 00 

00 04 75 8d 49 c7 00 aa 00 30 91 09 08 00 45 00 
00 1c 08 bc 20 00 80 06 48 91 c0 a8 24 20 c0 a8 
24 1e 04 3e 00 17 65 53 95 3b 00 00 00 00 00 00 
00 00 00 00 00 00 00 00 00 00 00 00 

00 aa 00 30 91 0d 00 04 75 8d 49 c7 08 00 45 10 
00 29 dc 2c 40 00 40 06 95 03 c0 a8 24 1e c0 a8 
24 20 00 17 04 3e 38 98 97 26 65 53 95 3c 50 18 
16 d0 9d c8 00 00 63 00 00 00 00 00 

00 04 75 8d 49 c7 00 aa 00 30 91 09 08 00 45 00 
00 19 08 bd 00 02 80 06 68 91 c0 a8 24 20 c0 a8 
24 1e 6b 48 00 00 6b 00 00 00 00 00 00 00 00 00 
00 00 00 00 00 00 00 00 00 00 00 00 

00 04 75 8d 49 c7 00 aa 00 30 91 09 08 00 45 00 
00 1c 08 bd 20 01 80 06 48 8f c0 a8 24 20 c0 a8 
24 1e 38 98 97 27 50 18 41 4f 00 00 00 00 00 00 
00 00 00 00 00 00 00 00 00 00 00 00 

00 04 75 8d 49 c7 00 aa 00 30 91 09 08 00 45 00 
00 1c 08 bd 20 00 80 06 48 90 c0 a8 24 20 c0 a8 
24 1e 04 3e 00 17 65 53 95 3c 00 00 00 00 00 00 
00 00 00 00 00 00 00 00 00 00 00 00 

00 aa 00 30 91 0d 00 04 75 8d 49 c7 08 00 45 10 
00 29 dc 2d 40 00 40 06 95 02 c0 a8 24 1e c0 a8 
24 20 00 17 04 3e 38 98 97 27 65 53 95 3d 50 18 
16 d0 95 c6 00 00 6b 00 00 00 00 00 

00 04 75 8d 49 c7 00 aa 00 30 91 09 08 00 45 00 
00 18 08 be 00 02 80 06 68 91 c0 a8 24 20 c0 a8 
24 1e d6 50 00 00 00 00 00 00 00 00 00 00 00 00 
00 00 00 00 00 00 00 00 00 00 00 00 

00 04 75 8d 49 c7 00 aa 00 30 91 09 08 00 45 00 
00 1c 08 be 20 01 80 06 48 8e c0 a8 24 20 c0 a8 
24 1e 38 98 97 28 50 10 41 4e 00 00 00 00 00 00 
00 00 00 00 00 00 00 00 00 00 00 00 

00 04 75 8d 49 c7 00 aa 00 30 91 09 08 00 45 00 
00 1c 08 be 20 00 80 06 48 8f c0 a8 24 20 c0 a8 
24 1e 04 3e 00 17 65 53 95 3d 00 00 00 00 00 00 
00 00 00 00 00 00 00 00 00 00 00 00 

00 04 75 8d 49 c7 00 aa 00 30 91 09 08 00 45 00 
00 1a 08 bf 00 02 80 06 68 8e c0 a8 24 20 c0 a8 
24 1e c9 3c 00 00 0d 0a 00 00 00 00 00 00 00 00 
00 00 00 00 00 00 00 00 00 00 00 00 

00 04 75 8d 49 c7 00 aa 00 30 91 09 08 00 45 00 
00 1c 08 bf 20 01 80 06 48 8d c0 a8 24 20 c0 a8 
24 1e 38 98 97 28 50 18 41 4e 00 00 00 00 00 00 
00 00 00 00 00 00 00 00 00 00 00 00 

00 04 75 8d 49 c7 00 aa 00 30 91 09 08 00 45 00 
00 1c 08 bf 20 00 80 06 48 8e c0 a8 24 20 c0 a8 
24 1e 04 3e 00 17 65 53 95 3d 00 00 00 00 00 00 
00 00 00 00 00 00 00 00 00 00 00 00 

00 aa 00 30 91 0d 00 04 75 8d 49 c7 08 00 45 10 
00 2a dc 2e 40 00 40 06 95 00 c0 a8 24 1e c0 a8 
24 20 00 17 04 3e 38 98 97 28 65 53 95 3f 50 18 
16 d0 f3 b8 00 00 0d 0a 94 94 94 94 

00 04 75 8d 49 c7 00 aa 00 30 91 09 08 00 45 00 
00 18 08 c0 00 02 80 06 68 8f c0 a8 24 20 c0 a8 
24 1e d6 4e 00 00 00 00 00 00 00 00 00 00 00 00 
00 00 00 00 00 00 00 00 00 00 00 00 

00 04 75 8d 49 c7 00 aa 00 30 91 09 08 00 45 00 
00 1c 08 c0 20 01 80 06 48 8c c0 a8 24 20 c0 a8 
24 1e 38 98 97 2a 50 10 41 4c 00 00 00 00 00 00 
00 00 00 00 00 00 00 00 00 00 00 00 

00 04 75 8d 49 c7 00 aa 00 30 91 09 08 00 45 00 
00 1c 08 c0 20 00 80 06 48 8d c0 a8 24 20 c0 a8 
24 1e 04 3e 00 17 65 53 95 3f 00 00 00 00 00 00 
00 00 00 00 00 00 00 00 00 00 00 00 

00 aa 00 30 91 0d 00 04 75 8d 49 c7 08 00 45 10 
00 32 dc 2f 40 00 40 06 94 f7 c0 a8 24 1e c0 a8 
24 20 00 17 04 3e 38 98 97 2a 65 53 95 3f 50 18 
16 d0 18 f0 00 00 50 61 73 73 77 6f 72 64 3a 20 


00 04 75 8d 49 c7 00 aa 00 30 91 09 08 00 45 00 
00 18 08 c1 00 02 80 06 68 8e c0 a8 24 20 c0 a8 
24 1e d6 4e 00 00 00 00 00 00 00 00 00 00 00 00 
00 00 00 00 00 00 00 00 00 00 00 00 

00 04 75 8d 49 c7 00 aa 00 30 91 09 08 00 45 00 
00 1c 08 c1 20 01 80 06 48 8b c0 a8 24 20 c0 a8 
24 1e 38 98 97 34 50 10 41 42 00 00 00 00 00 00 
00 00 00 00 00 00 00 00 00 00 00 00 

00 04 75 8d 49 c7 00 aa 00 30 91 09 08 00 45 00 
00 1c 08 c1 20 00 80 06 48 8c c0 a8 24 20 c0 a8 
24 1e 04 3e 00 17 65 53 95 3f 00 00 00 00 00 00 
00 00 00 00 00 00 00 00 00 00 00 00 

00 04 75 8d 49 c7 00 aa 00 30 91 09 08 00 45 00 
00 19 08 c2 00 02 80 06 68 8c c0 a8 24 20 c0 a8 
24 1e 64 45 00 00 72 00 00 00 00 00 00 00 00 00 
00 00 00 00 00 00 00 00 00 00 00 00 

00 04 75 8d 49 c7 00 aa 00 30 91 09 08 00 45 00 
00 1c 08 c2 20 01 80 06 48 8a c0 a8 24 20 c0 a8 
24 1e 38 98 97 34 50 18 41 42 00 00 00 00 00 00 
00 00 00 00 00 00 00 00 00 00 00 00 

00 04 75 8d 49 c7 00 aa 00 30 91 09 08 00 45 00 
00 1c 08 c2 20 00 80 06 48 8b c0 a8 24 20 c0 a8 
24 1e 04 3e 00 17 65 53 95 3f 00 00 00 00 00 00 
00 00 00 00 00 00 00 00 00 00 00 00 

00 aa 00 30 91 0d 00 04 75 8d 49 c7 08 00 45 10 
00 28 dc 30 40 00 40 06 95 00 c0 a8 24 1e c0 a8 
24 20 00 17 04 3e 38 98 97 34 65 53 95 40 50 10 
16 d0 00 c0 00 00 00 00 00 00 00 00 

00 04 75 8d 49 c7 00 aa 00 30 91 09 08 00 45 00 
00 19 08 c3 00 02 80 06 68 8b c0 a8 24 20 c0 a8 
24 1e 67 44 00 00 6f 00 00 00 00 00 00 00 00 00 
00 00 00 00 00 00 00 00 00 00 00 00 

00 04 75 8d 49 c7 00 aa 00 30 91 09 08 00 45 00 
00 1c 08 c3 20 01 80 06 48 89 c0 a8 24 20 c0 a8 
24 1e 38 98 97 34 50 18 41 42 00 00 00 00 00 00 
00 00 00 00 00 00 00 00 00 00 00 00 

00 04 75 8d 49 c7 00 aa 00 30 91 09 08 00 45 00 
00 1c 08 c3 20 00 80 06 48 8a c0 a8 24 20 c0 a8 
24 1e 04 3e 00 17 65 53 95 40 00 00 00 00 00 00 
00 00 00 00 00 00 00 00 00 00 00 00 

00 aa 00 30 91 0d 00 04 75 8d 49 c7 08 00 45 10 
00 28 dc 31 40 00 40 06 94 ff c0 a8 24 1e c0 a8 
24 20 00 17 04 3e 38 98 97 34 65 53 95 41 50 10 
16 d0 00 bf 00 00 00 00 00 00 00 00 

00 04 75 8d 49 c7 00 aa 00 30 91 09 08 00 45 00 
00 19 08 c4 00 02 80 06 68 8a c0 a8 24 20 c0 a8 
24 1e 73 43 00 00 63 00 00 00 00 00 00 00 00 00 
00 00 00 00 00 00 00 00 00 00 00 00 

00 04 75 8d 49 c7 00 aa 00 30 91 09 08 00 45 00 
00 1c 08 c4 20 01 80 06 48 88 c0 a8 24 20 c0 a8 
24 1e 38 98 97 34 50 18 41 42 00 00 00 00 00 00 
00 00 00 00 00 00 00 00 00 00 00 00 

00 04 75 8d 49 c7 00 aa 00 30 91 09 08 00 45 00 
00 1c 08 c4 20 00 80 06 48 89 c0 a8 24 20 c0 a8 
24 1e 04 3e 00 17 65 53 95 41 00 00 00 00 00 00 
00 00 00 00 00 00 00 00 00 00 00 00 

00 aa 00 30 91 0d 00 04 75 8d 49 c7 08 00 45 10 
00 28 dc 32 40 00 40 06 94 fe c0 a8 24 1e c0 a8 
24 20 00 17 04 3e 38 98 97 34 65 53 95 42 50 10 
16 d0 00 be 00 00 00 00 00 00 00 00 

00 04 75 8d 49 c7 00 aa 00 30 91 09 08 00 45 00 
00 19 08 c5 00 02 80 06 68 89 c0 a8 24 20 c0 a8 
24 1e 6b 42 00 00 6b 00 00 00 00 00 00 00 00 00 
00 00 00 00 00 00 00 00 00 00 00 00 

00 04 75 8d 49 c7 00 aa 00 30 91 09 08 00 45 00 
00 1c 08 c5 20 01 80 06 48 87 c0 a8 24 20 c0 a8 
24 1e 38 98 97 34 50 18 41 42 00 00 00 00 00 00 
00 00 00 00 00 00 00 00 00 00 00 00 

00 04 75 8d 49 c7 00 aa 00 30 91 09 08 00 45 00 
00 1c 08 c5 20 00 80 06 48 88 c0 a8 24 20 c0 a8 
24 1e 04 3e 00 17 65 53 95 42 00 00 00 00 00 00 
00 00 00 00 00 00 00 00 00 00 00 00 

00 aa 00 30 91 0d 00 04 75 8d 49 c7 08 00 45 10 
00 28 dc 33 40 00 40 06 94 fd c0 a8 24 1e c0 a8 
24 20 00 17 04 3e 38 98 97 34 65 53 95 43 50 10 
16 d0 00 bd 00 00 00 00 00 00 00 00 

00 04 75 8d 49 c7 00 aa 00 30 91 09 08 00 45 00 
00 19 08 c6 00 02 80 06 68 88 c0 a8 24 20 c0 a8 
24 1e 75 41 00 00 61 00 00 00 00 00 00 00 00 00 
00 00 00 00 00 00 00 00 00 00 00 00 

00 04 75 8d 49 c7 00 aa 00 30 91 09 08 00 45 00 
00 1c 08 c6 20 01 80 06 48 86 c0 a8 24 20 c0 a8 
24 1e 38 98 97 34 50 18 41 42 00 00 00 00 00 00 
00 00 00 00 00 00 00 00 00 00 00 00 

00 04 75 8d 49 c7 00 aa 00 30 91 09 08 00 45 00 
00 1c 08 c6 20 00 80 06 48 87 c0 a8 24 20 c0 a8 
24 1e 04 3e 00 17 65 53 95 43 00 00 00 00 00 00 
00 00 00 00 00 00 00 00 00 00 00 00 

00 aa 00 30 91 0d 00 04 75 8d 49 c7 08 00 45 10 
00 28 dc 34 40 00 40 06 94 fc c0 a8 24 1e c0 a8 
24 20 00 17 04 3e 38 98 97 34 65 53 95 44 50 10 
16 d0 00 bc 00 00 00 00 00 00 00 00 

00 04 75 8d 49 c7 00 aa 00 30 91 09 08 00 45 00 
00 19 08 c7 00 02 80 06 68 87 c0 a8 24 20 c0 a8 
24 1e 68 40 00 00 6e 00 00 00 00 00 00 00 00 00 
00 00 00 00 00 00 00 00 00 00 00 00 

00 04 75 8d 49 c7 00 aa 00 30 91 09 08 00 45 00 
00 1c 08 c7 20 01 80 06 48 85 c0 a8 24 20 c0 a8 
24 1e 38 98 97 34 50 18 41 42 00 00 00 00 00 00 
00 00 00 00 00 00 00 00 00 00 00 00 

00 04 75 8d 49 c7 00 aa 00 30 91 09 08 00 45 00 
00 1c 08 c7 20 00 80 06 48 86 c0 a8 24 20 c0 a8 
24 1e 04 3e 00 17 65 53 95 44 00 00 00 00 00 00 
00 00 00 00 00 00 00 00 00 00 00 00 

00 aa 00 30 91 0d 00 04 75 8d 49 c7 08 00 45 10 
00 28 dc 35 40 00 40 06 94 fb c0 a8 24 1e c0 a8 
24 20 00 17 04 3e 38 98 97 34 65 53 95 45 50 10 
16 d0 00 bb 00 00 00 00 00 00 00 00 

00 04 75 8d 49 c7 00 aa 00 30 91 09 08 00 45 00 
00 19 08 c8 00 02 80 06 68 86 c0 a8 24 20 c0 a8 
24 1e 72 3f 00 00 64 00 00 00 00 00 00 00 00 00 
00 00 00 00 00 00 00 00 00 00 00 00 

00 04 75 8d 49 c7 00 aa 00 30 91 09 08 00 45 00 
00 1c 08 c8 20 01 80 06 48 84 c0 a8 24 20 c0 a8 
24 1e 38 98 97 34 50 18 41 42 00 00 00 00 00 00 
00 00 00 00 00 00 00 00 00 00 00 00 

00 04 75 8d 49 c7 00 aa 00 30 91 09 08 00 45 00 
00 1c 08 c8 20 00 80 06 48 85 c0 a8 24 20 c0 a8 
24 1e 04 3e 00 17 65 53 95 45 00 00 00 00 00 00 
00 00 00 00 00 00 00 00 00 00 00 00 

00 aa 00 30 91 0d 00 04 75 8d 49 c7 08 00 45 10 
00 28 dc 36 40 00 40 06 94 fa c0 a8 24 1e c0 a8 
24 20 00 17 04 3e 38 98 97 34 65 53 95 46 50 10 
16 d0 00 ba 00 00 00 00 00 00 00 00 

00 04 75 8d 49 c7 00 aa 00 30 91 09 08 00 45 00 
00 19 08 c9 00 02 80 06 68 85 c0 a8 24 20 c0 a8 
24 1e 64 3e 00 00 72 00 00 00 00 00 00 00 00 00 
00 00 00 00 00 00 00 00 00 00 00 00 

00 04 75 8d 49 c7 00 aa 00 30 91 09 08 00 45 00 
00 1c 08 c9 20 01 80 06 48 83 c0 a8 24 20 c0 a8 
24 1e 38 98 97 34 50 18 41 42 00 00 00 00 00 00 
00 00 00 00 00 00 00 00 00 00 00 00 

00 04 75 8d 49 c7 00 aa 00 30 91 09 08 00 45 00 
00 1c 08 c9 20 00 80 06 48 84 c0 a8 24 20 c0 a8 
24 1e 04 3e 00 17 65 53 95 46 00 00 00 00 00 00 
00 00 00 00 00 00 00 00 00 00 00 00 

00 aa 00 30 91 0d 00 04 75 8d 49 c7 08 00 45 10 
00 28 dc 37 40 00 40 06 94 f9 c0 a8 24 1e c0 a8 
24 20 00 17 04 3e 38 98 97 34 65 53 95 47 50 10 
16 d0 00 b9 00 00 00 00 00 00 00 00 

00 04 75 8d 49 c7 00 aa 00 30 91 09 08 00 45 00 
00 19 08 ca 00 02 80 06 68 84 c0 a8 24 20 c0 a8 
24 1e 67 3d 00 00 6f 00 00 00 00 00 00 00 00 00 
00 00 00 00 00 00 00 00 00 00 00 00 

00 04 75 8d 49 c7 00 aa 00 30 91 09 08 00 45 00 
00 1c 08 ca 20 01 80 06 48 82 c0 a8 24 20 c0 a8 
24 1e 38 98 97 34 50 18 41 42 00 00 00 00 00 00 
00 00 00 00 00 00 00 00 00 00 00 00 

00 04 75 8d 49 c7 00 aa 00 30 91 09 08 00 45 00 
00 1c 08 ca 20 00 80 06 48 83 c0 a8 24 20 c0 a8 
24 1e 04 3e 00 17 65 53 95 47 00 00 00 00 00 00 
00 00 00 00 00 00 00 00 00 00 00 00 

00 aa 00 30 91 0d 00 04 75 8d 49 c7 08 00 45 10 
00 28 dc 38 40 00 40 06 94 f8 c0 a8 24 1e c0 a8 
24 20 00 17 04 3e 38 98 97 34 65 53 95 48 50 10 
16 d0 00 b8 00 00 00 00 00 00 00 00 

00 04 75 8d 49 c7 00 aa 00 30 91 09 08 00 45 00 
00 19 08 cb 00 02 80 06 68 83 c0 a8 24 20 c0 a8 
24 1e 6a 3c 00 00 6c 00 00 00 00 00 00 00 00 00 
00 00 00 00 00 00 00 00 00 00 00 00 

00 04 75 8d 49 c7 00 aa 00 30 91 09 08 00 45 00 
00 1c 08 cb 20 01 80 06 48 81 c0 a8 24 20 c0 a8 
24 1e 38 98 97 34 50 18 41 42 00 00 00 00 00 00 
00 00 00 00 00 00 00 00 00 00 00 00 

00 04 75 8d 49 c7 00 aa 00 30 91 09 08 00 45 00 
00 1c 08 cb 20 00 80 06 48 82 c0 a8 24 20 c0 a8 
24 1e 04 3e 00 17 65 53 95 48 00 00 00 00 00 00 
00 00 00 00 00 00 00 00 00 00 00 00 

00 aa 00 30 91 0d 00 04 75 8d 49 c7 08 00 45 10 
00 28 dc 39 40 00 40 06 94 f7 c0 a8 24 1e c0 a8 
24 20 00 17 04 3e 38 98 97 34 65 53 95 49 50 10 
16 d0 00 b7 00 00 00 00 00 00 00 00 

00 04 75 8d 49 c7 00 aa 00 30 91 09 08 00 45 00 
00 19 08 cc 00 02 80 06 68 82 c0 a8 24 20 c0 a8 
24 1e 6a 3b 00 00 6c 00 00 00 00 00 00 00 00 00 
00 00 00 00 00 00 00 00 00 00 00 00 

00 04 75 8d 49 c7 00 aa 00 30 91 09 08 00 45 00 
00 1c 08 cc 20 01 80 06 48 80 c0 a8 24 20 c0 a8 
24 1e 38 98 97 34 50 18 41 42 00 00 00 00 00 00 
00 00 00 00 00 00 00 00 00 00 00 00 

00 04 75 8d 49 c7 00 aa 00 30 91 09 08 00 45 00 
00 1c 08 cc 20 00 80 06 48 81 c0 a8 24 20 c0 a8 
24 1e 04 3e 00 17 65 53 95 49 00 00 00 00 00 00 
00 00 00 00 00 00 00 00 00 00 00 00 

00 aa 00 30 91 0d 00 04 75 8d 49 c7 08 00 45 10 
00 28 dc 3a 40 00 40 06 94 f6 c0 a8 24 1e c0 a8 
24 20 00 17 04 3e 38 98 97 34 65 53 95 4a 50 10 
16 d0 00 b6 00 00 00 00 00 00 00 00 

00 04 75 8d 49 c7 00 aa 00 30 91 09 08 00 45 00 
00 1a 08 cd 00 02 80 06 68 80 c0 a8 24 20 c0 a8 
24 1e c9 2f 00 00 0d 0a 00 00 00 00 00 00 00 00 
00 00 00 00 00 00 00 00 00 00 00 00 

00 04 75 8d 49 c7 00 aa 00 30 91 09 08 00 45 00 
00 1c 08 cd 20 01 80 06 48 7f c0 a8 24 20 c0 a8 
24 1e 38 98 97 34 50 18 41 42 00 00 00 00 00 00 
00 00 00 00 00 00 00 00 00 00 00 00 

00 04 75 8d 49 c7 00 aa 00 30 91 09 08 00 45 00 
00 1c 08 cd 20 00 80 06 48 80 c0 a8 24 20 c0 a8 
24 1e 04 3e 00 17 65 53 95 4a 00 00 00 00 00 00 
00 00 00 00 00 00 00 00 00 00 00 00 

00 aa 00 30 91 0d 00 04 75 8d 49 c7 08 00 45 10 
00 28 dc 3b 40 00 40 06 94 f5 c0 a8 24 1e c0 a8 
24 20 00 17 04 3e 38 98 97 34 65 53 95 4c 50 10 
16 d0 00 b4 00 00 00 00 00 00 00 00 

00 aa 00 30 91 0d 00 04 75 8d 49 c7 08 00 45 10 
00 2a dc 3c 40 00 40 06 94 f2 c0 a8 24 1e c0 a8 
24 20 00 17 04 3e 38 98 97 34 65 53 95 4c 50 18 
16 d0 f3 9f 00 00 0d 0a 63 63 63 63 

00 04 75 8d 49 c7 00 aa 00 30 91 09 08 00 45 00 
00 18 08 ce 00 02 80 06 68 81 c0 a8 24 20 c0 a8 
24 1e d6 41 00 00 00 00 00 00 00 00 00 00 00 00 
00 00 00 00 00 00 00 00 00 00 00 00 

00 04 75 8d 49 c7 00 aa 00 30 91 09 08 00 45 00 
00 1c 08 ce 20 01 80 06 48 7e c0 a8 24 20 c0 a8 
24 1e 38 98 97 36 50 10 41 40 00 00 00 00 00 00 
00 00 00 00 00 00 00 00 00 00 00 00 

00 04 75 8d 49 c7 00 aa 00 30 91 09 08 00 45 00 
00 1c 08 ce 20 00 80 06 48 7f c0 a8 24 20 c0 a8 
24 1e 04 3e 00 17 65 53 95 4c 00 00 00 00 00 00 
00 00 00 00 00 00 00 00 00 00 00 00 

00 aa 00 30 91 0d 00 04 75 8d 49 c7 08 00 45 10 
00 42 dc 3d 40 00 40 06 94 d9 c0 a8 24 1e c0 a8 
24 20 00 17 04 3e 38 98 97 36 65 53 95 4c 50 18 
16 d0 9e 66 00 00 4c 6f 67 69 6e 20 69 6e 63 6f 
72 72 65 63 74 0d 0a 0d 0a 6c 6f 67 69 6e 3a 20 


00 04 75 8d 49 c7 00 aa 00 30 91 09 08 00 45 00 
00 18 08 cf 00 02 80 06 68 80 c0 a8 24 20 c0 a8 
24 1e d6 41 00 00 00 00 00 00 00 00 00 00 00 00 
00 00 00 00 00 00 00 00 00 00 00 00 

00 04 75 8d 49 c7 00 aa 00 30 91 09 08 00 45 00 
00 1c 08 cf 20 01 80 06 48 7d c0 a8 24 20 c0 a8 
24 1e 38 98 97 50 50 10 41 26 00 00 00 00 00 00 
00 00 00 00 00 00 00 00 00 00 00 00 

00 04 75 8d 49 c7 00 aa 00 30 91 09 08 00 45 00 
00 1c 08 cf 20 00 80 06 48 7e c0 a8 24 20 c0 a8 
24 1e 04 3e 00 17 65 53 95 4c 00 00 00 00 00 00 
00 00 00 00 00 00 00 00 00 00 00 00 

00 04 75 8d 49 c7 00 aa 00 30 91 09 08 00 45 00 
00 19 08 d0 00 02 80 06 68 7e c0 a8 24 20 c0 a8 
24 1e 66 38 00 00 70 00 00 00 00 00 00 00 00 00 
00 00 00 00 00 00 00 00 00 00 00 00 

00 04 75 8d 49 c7 00 aa 00 30 91 09 08 00 45 00 
00 1c 08 d0 20 01 80 06 48 7c c0 a8 24 20 c0 a8 
24 1e 38 98 97 50 50 18 41 26 00 00 00 00 00 00 
00 00 00 00 00 00 00 00 00 00 00 00 

00 04 75 8d 49 c7 00 aa 00 30 91 09 08 00 45 00 
00 1c 08 d0 20 00 80 06 48 7d c0 a8 24 20 c0 a8 
24 1e 04 3e 00 17 65 53 95 4c 00 00 00 00 00 00 
00 00 00 00 00 00 00 00 00 00 00 00 

00 aa 00 30 91 0d 00 04 75 8d 49 c7 08 00 45 10 
00 29 dc 3e 40 00 40 06 94 f1 c0 a8 24 1e c0 a8 
24 20 00 17 04 3e 38 98 97 50 65 53 95 4d 50 18 
16 d0 90 8d 00 00 70 00 00 00 00 00 

00 04 75 8d 49 c7 00 aa 00 30 91 09 08 00 45 00 
00 19 08 d1 00 02 80 06 68 7d c0 a8 24 20 c0 a8 
24 1e 71 37 00 00 65 00 00 00 00 00 00 00 00 00 
00 00 00 00 00 00 00 00 00 00 00 00 

00 04 75 8d 49 c7 00 aa 00 30 91 09 08 00 45 00 
00 1c 08 d1 20 01 80 06 48 7b c0 a8 24 20 c0 a8 
24 1e 38 98 97 51 50 18 41 25 00 00 00 00 00 00 
00 00 00 00 00 00 00 00 00 00 00 00 

00 04 75 8d 49 c7 00 aa 00 30 91 09 08 00 45 00 
00 1c 08 d1 20 00 80 06 48 7c c0 a8 24 20 c0 a8 
24 1e 04 3e 00 17 65 53 95 4d 00 00 00 00 00 00 
00 00 00 00 00 00 00 00 00 00 00 00 

00 aa 00 30 91 0d 00 04 75 8d 49 c7 08 00 45 10 
00 29 dc 3f 40 00 40 06 94 f0 c0 a8 24 1e c0 a8 
24 20 00 17 04 3e 38 98 97 51 65 53 95 4e 50 18 
16 d0 9b 8b 00 00 65 00 00 00 00 00 

00 04 75 8d 49 c7 00 aa 00 30 91 09 08 00 45 00 
00 19 08 d2 00 02 80 06 68 7c c0 a8 24 20 c0 a8 
24 1e 64 36 00 00 72 00 00 00 00 00 00 00 00 00 
00 00 00 00 00 00 00 00 00 00 00 00 

00 04 75 8d 49 c7 00 aa 00 30 91 09 08 00 45 00 
00 1c 08 d2 20 01 80 06 48 7a c0 a8 24 20 c0 a8 
24 1e 38 98 97 52 50 18 41 24 00 00 00 00 00 00 
00 00 00 00 00 00 00 00 00 00 00 00 

00 04 75 8d 49 c7 00 aa 00 30 91 09 08 00 45 00 
00 1c 08 d2 20 00 80 06 48 7b c0 a8 24 20 c0 a8 
24 1e 04 3e 00 17 65 53 95 4e 00 00 00 00 00 00 
00 00 00 00 00 00 00 00 00 00 00 00 

00 aa 00 30 91 0d 00 04 75 8d 49 c7 08 00 45 10 
00 29 dc 40 40 00 40 06 94 ef c0 a8 24 1e c0 a8 
24 20 00 17 04 3e 38 98 97 52 65 53 95 4f 50 18 
16 d0 8e 89 00 00 72 00 00 00 00 00 

00 04 75 8d 49 c7 00 aa 00 30 91 09 08 00 45 00 
00 18 08 d3 00 02 80 06 68 7c c0 a8 24 20 c0 a8 
24 1e d6 3e 00 00 00 00 00 00 00 00 00 00 00 00 
00 00 00 00 00 00 00 00 00 00 00 00 

00 04 75 8d 49 c7 00 aa 00 30 91 09 08 00 45 00 
00 1c 08 d3 20 01 80 06 48 79 c0 a8 24 20 c0 a8 
24 1e 38 98 97 53 50 10 41 23 00 00 00 00 00 00 
00 00 00 00 00 00 00 00 00 00 00 00 

00 04 75 8d 49 c7 00 aa 00 30 91 09 08 00 45 00 
00 1c 08 d3 20 00 80 06 48 7a c0 a8 24 20 c0 a8 
24 1e 04 3e 00 17 65 53 95 4f 00 00 00 00 00 00 
00 00 00 00 00 00 00 00 00 00 00 00 

00 04 75 8d 49 c7 00 aa 00 30 91 09 08 00 45 00 
00 19 08 d4 00 02 80 06 68 7a c0 a8 24 20 c0 a8 
24 1e 6e 35 00 00 68 00 00 00 00 00 00 00 00 00 
00 00 00 00 00 00 00 00 00 00 00 00 

00 04 75 8d 49 c7 00 aa 00 30 91 09 08 00 45 00 
00 1c 08 d4 20 01 80 06 48 78 c0 a8 24 20 c0 a8 
24 1e 38 98 97 53 50 18 41 23 00 00 00 00 00 00 
00 00 00 00 00 00 00 00 00 00 00 00 

00 04 75 8d 49 c7 00 aa 00 30 91 09 08 00 45 00 
00 1c 08 d4 20 00 80 06 48 79 c0 a8 24 20 c0 a8 
24 1e 04 3e 00 17 65 53 95 4f 00 00 00 00 00 00 
00 00 00 00 00 00 00 00 00 00 00 00 

00 aa 00 30 91 0d 00 04 75 8d 49 c7 08 00 45 10 
00 29 dc 41 40 00 40 06 94 ee c0 a8 24 1e c0 a8 
24 20 00 17 04 3e 38 98 97 53 65 53 95 50 50 18 
16 d0 98 87 00 00 68 00 00 00 00 00 

00 04 75 8d 49 c7 00 aa 00 30 91 09 08 00 45 00 
00 19 08 d5 00 02 80 06 68 79 c0 a8 24 20 c0 a8 
24 1e 75 34 00 00 61 00 00 00 00 00 00 00 00 00 
00 00 00 00 00 00 00 00 00 00 00 00 

00 04 75 8d 49 c7 00 aa 00 30 91 09 08 00 45 00 
00 1c 08 d5 20 01 80 06 48 77 c0 a8 24 20 c0 a8 
24 1e 38 98 97 54 50 18 41 22 00 00 00 00 00 00 
00 00 00 00 00 00 00 00 00 00 00 00 

00 04 75 8d 49 c7 00 aa 00 30 91 09 08 00 45 00 
00 1c 08 d5 20 00 80 06 48 78 c0 a8 24 20 c0 a8 
24 1e 04 3e 00 17 65 53 95 50 00 00 00 00 00 00 
00 00 00 00 00 00 00 00 00 00 00 00 

00 aa 00 30 91 0d 00 04 75 8d 49 c7 08 00 45 10 
00 29 dc 42 40 00 40 06 94 ed c0 a8 24 1e c0 a8 
24 20 00 17 04 3e 38 98 97 54 65 53 95 51 50 18 
16 d0 9f 85 00 00 61 00 00 00 00 00 

00 04 75 8d 49 c7 00 aa 00 30 91 09 08 00 45 00 
00 19 08 d6 00 02 80 06 68 78 c0 a8 24 20 c0 a8 
24 1e 66 33 00 00 70 00 00 00 00 00 00 00 00 00 
00 00 00 00 00 00 00 00 00 00 00 00 

00 04 75 8d 49 c7 00 aa 00 30 91 09 08 00 45 00 
00 1c 08 d6 20 01 80 06 48 76 c0 a8 24 20 c0 a8 
24 1e 38 98 97 55 50 18 41 21 00 00 00 00 00 00 
00 00 00 00 00 00 00 00 00 00 00 00 

00 04 75 8d 49 c7 00 aa 00 30 91 09 08 00 45 00 
00 1c 08 d6 20 00 80 06 48 77 c0 a8 24 20 c0 a8 
24 1e 04 3e 00 17 65 53 95 51 00 00 00 00 00 00 
00 00 00 00 00 00 00 00 00 00 00 00 

00 aa 00 30 91 0d 00 04 75 8d 49 c7 08 00 45 10 
00 29 dc 43 40 00 40 06 94 ec c0 a8 24 1e c0 a8 
24 20 00 17 04 3e 38 98 97 55 65 53 95 52 50 18 
16 d0 90 83 00 00 70 00 00 00 00 00 

00 04 75 8d 49 c7 00 aa 00 30 91 09 08 00 45 00 
00 19 08 d7 00 02 80 06 68 77 c0 a8 24 20 c0 a8 
24 1e 63 32 00 00 73 00 00 00 00 00 00 00 00 00 
00 00 00 00 00 00 00 00 00 00 00 00 

00 04 75 8d 49 c7 00 aa 00 30 91 09 08 00 45 00 
00 1c 08 d7 20 01 80 06 48 75 c0 a8 24 20 c0 a8 
24 1e 38 98 97 56 50 18 41 20 00 00 00 00 00 00 
00 00 00 00 00 00 00 00 00 00 00 00 

00 04 75 8d 49 c7 00 aa 00 30 91 09 08 00 45 00 
00 1c 08 d7 20 00 80 06 48 76 c0 a8 24 20 c0 a8 
24 1e 04 3e 00 17 65 53 95 52 00 00 00 00 00 00 
00 00 00 00 00 00 00 00 00 00 00 00 

00 aa 00 30 91 0d 00 04 75 8d 49 c7 08 00 45 10 
00 29 dc 44 40 00 40 06 94 eb c0 a8 24 1e c0 a8 
24 20 00 17 04 3e 38 98 97 56 65 53 95 53 50 18 
16 d0 8d 81 00 00 73 00 00 00 00 00 

00 04 75 8d 49 c7 00 aa 00 30 91 09 08 00 45 00 
00 18 08 d8 00 02 80 06 68 77 c0 a8 24 20 c0 a8 
24 1e d6 3a 00 00 00 00 00 00 00 00 00 00 00 00 
00 00 00 00 00 00 00 00 00 00 00 00 

00 04 75 8d 49 c7 00 aa 00 30 91 09 08 00 45 00 
00 1c 08 d8 20 01 80 06 48 74 c0 a8 24 20 c0 a8 
24 1e 38 98 97 57 50 10 41 1f 00 00 00 00 00 00 
00 00 00 00 00 00 00 00 00 00 00 00 

00 04 75 8d 49 c7 00 aa 00 30 91 09 08 00 45 00 
00 1c 08 d8 20 00 80 06 48 75 c0 a8 24 20 c0 a8 
24 1e 04 3e 00 17 65 53 95 53 00 00 00 00 00 00 
00 00 00 00 00 00 00 00 00 00 00 00 

00 04 75 8d 49 c7 00 aa 00 30 91 09 08 00 45 00 
00 1a 08 d9 00 02 80 06 68 74 c0 a8 24 20 c0 a8 
24 1e c9 26 00 00 0d 0a 00 00 00 00 00 00 00 00 
00 00 00 00 00 00 00 00 00 00 00 00 

00 04 75 8d 49 c7 00 aa 00 30 91 09 08 00 45 00 
00 1c 08 d9 20 01 80 06 48 73 c0 a8 24 20 c0 a8 
24 1e 38 98 97 57 50 18 41 1f 00 00 00 00 00 00 
00 00 00 00 00 00 00 00 00 00 00 00 

00 04 75 8d 49 c7 00 aa 00 30 91 09 08 00 45 00 
00 1c 08 d9 20 00 80 06 48 74 c0 a8 24 20 c0 a8 
24 1e 04 3e 00 17 65 53 95 53 00 00 00 00 00 00 
00 00 00 00 00 00 00 00 00 00 00 00 

00 aa 00 30 91 0d 00 04 75 8d 49 c7 08 00 45 10 
00 2a dc 45 40 00 40 06 94 e9 c0 a8 24 1e c0 a8 
24 20 00 17 04 3e 38 98 97 57 65 53 95 55 50 18 
16 d0 f3 73 00 00 0d 0a 95 95 95 95 

00 04 75 8d 49 c7 00 aa 00 30 91 09 08 00 45 00 
00 18 08 da 00 02 80 06 68 75 c0 a8 24 20 c0 a8 
24 1e d6 38 00 00 00 00 00 00 00 00 00 00 00 00 
00 00 00 00 00 00 00 00 00 00 00 00 

00 04 75 8d 49 c7 00 aa 00 30 91 09 08 00 45 00 
00 1c 08 da 20 01 80 06 48 72 c0 a8 24 20 c0 a8 
24 1e 38 98 97 59 50 10 41 1d 00 00 00 00 00 00 
00 00 00 00 00 00 00 00 00 00 00 00 

00 04 75 8d 49 c7 00 aa 00 30 91 09 08 00 45 00 
00 1c 08 da 20 00 80 06 48 73 c0 a8 24 20 c0 a8 
24 1e 04 3e 00 17 65 53 95 55 00 00 00 00 00 00 
00 00 00 00 00 00 00 00 00 00 00 00 

00 aa 00 30 91 0d 00 04 75 8d 49 c7 08 00 45 10 
00 32 dc 46 40 00 40 06 94 e0 c0 a8 24 1e c0 a8 
24 20 00 17 04 3e 38 98 97 59 65 53 95 55 50 18 
16 d0 18 ab 00 00 50 61 73 73 77 6f 72 64 3a 20 


00 04 75 8d 49 c7 00 aa 00 30 91 09 08 00 45 00 
00 18 08 db 00 02 80 06 68 74 c0 a8 24 20 c0 a8 
24 1e d6 38 00 00 00 00 00 00 00 00 00 00 00 00 
00 00 00 00 00 00 00 00 00 00 00 00 

00 04 75 8d 49 c7 00 aa 00 30 91 09 08 00 45 00 
00 1c 08 db 20 01 80 06 48 71 c0 a8 24 20 c0 a8 
24 1e 38 98 97 63 50 10 41 13 00 00 00 00 00 00 
00 00 00 00 00 00 00 00 00 00 00 00 

00 04 75 8d 49 c7 00 aa 00 30 91 09 08 00 45 00 
00 1c 08 db 20 00 80 06 48 72 c0 a8 24 20 c0 a8 
24 1e 04 3e 00 17 65 53 95 55 00 00 00 00 00 00 
00 00 00 00 00 00 00 00 00 00 00 00 

00 04 75 8d 49 c7 00 aa 00 30 91 09 08 00 45 00 
00 19 08 dc 00 02 80 06 68 72 c0 a8 24 20 c0 a8 
24 1e 62 2f 00 00 74 00 00 00 00 00 00 00 00 00 
00 00 00 00 00 00 00 00 00 00 00 00 

00 04 75 8d 49 c7 00 aa 00 30 91 09 08 00 45 00 
00 1c 08 dc 20 01 80 06 48 70 c0 a8 24 20 c0 a8 
24 1e 38 98 97 63 50 18 41 13 00 00 00 00 00 00 
00 00 00 00 00 00 00 00 00 00 00 00 

00 04 75 8d 49 c7 00 aa 00 30 91 09 08 00 45 00 
00 1c 08 dc 20 00 80 06 48 71 c0 a8 24 20 c0 a8 
24 1e 04 3e 00 17 65 53 95 55 00 00 00 00 00 00 
00 00 00 00 00 00 00 00 00 00 00 00 

00 aa 00 30 91 0d 00 04 75 8d 49 c7 08 00 45 10 
00 28 dc 47 40 00 40 06 94 e9 c0 a8 24 1e c0 a8 
24 20 00 17 04 3e 38 98 97 63 65 53 95 56 50 10 
16 d0 00 7b 00 00 00 00 00 00 00 00 

00 04 75 8d 49 c7 00 aa 00 30 91 09 08 00 45 00 
00 19 08 dd 00 02 80 06 68 71 c0 a8 24 20 c0 a8 
24 1e 6e 2e 00 00 68 00 00 00 00 00 00 00 00 00 
00 00 00 00 00 00 00 00 00 00 00 00 

00 04 75 8d 49 c7 00 aa 00 30 91 09 08 00 45 00 
00 1c 08 dd 20 01 80 06 48 6f c0 a8 24 20 c0 a8 
24 1e 38 98 97 63 50 18 41 13 00 00 00 00 00 00 
00 00 00 00 00 00 00 00 00 00 00 00 

00 04 75 8d 49 c7 00 aa 00 30 91 09 08 00 45 00 
00 1c 08 dd 20 00 80 06 48 70 c0 a8 24 20 c0 a8 
24 1e 04 3e 00 17 65 53 95 56 00 00 00 00 00 00 
00 00 00 00 00 00 00 00 00 00 00 00 

00 aa 00 30 91 0d 00 04 75 8d 49 c7 08 00 45 10 
00 28 dc 48 40 00 40 06 94 e8 c0 a8 24 1e c0 a8 
24 20 00 17 04 3e 38 98 97 63 65 53 95 57 50 10 
16 d0 00 7a 00 00 00 00 00 00 00 00 

00 04 75 8d 49 c7 00 aa 00 30 91 09 08 00 45 00 
00 19 08 de 00 02 80 06 68 70 c0 a8 24 20 c0 a8 
24 1e 6d 2d 00 00 69 00 00 00 00 00 00 00 00 00 
00 00 00 00 00 00 00 00 00 00 00 00 

00 04 75 8d 49 c7 00 aa 00 30 91 09 08 00 45 00 
00 1c 08 de 20 01 80 06 48 6e c0 a8 24 20 c0 a8 
24 1e 38 98 97 63 50 18 41 13 00 00 00 00 00 00 
00 00 00 00 00 00 00 00 00 00 00 00 

00 04 75 8d 49 c7 00 aa 00 30 91 09 08 00 45 00 
00 1c 08 de 20 00 80 06 48 6f c0 a8 24 20 c0 a8 
24 1e 04 3e 00 17 65 53 95 57 00 00 00 00 00 00 
00 00 00 00 00 00 00 00 00 00 00 00 

00 aa 00 30 91 0d 00 04 75 8d 49 c7 08 00 45 10 
00 28 dc 49 40 00 40 06 94 e7 c0 a8 24 1e c0 a8 
24 20 00 17 04 3e 38 98 97 63 65 53 95 58 50 10 
16 d0 00 79 00 00 00 00 00 00 00 00 

00 04 75 8d 49 c7 00 aa 00 30 91 09 08 00 45 00 
00 19 08 df 00 02 80 06 68 6f c0 a8 24 20 c0 a8 
24 1e 63 2c 00 00 73 00 00 00 00 00 00 00 00 00 
00 00 00 00 00 00 00 00 00 00 00 00 

00 04 75 8d 49 c7 00 aa 00 30 91 09 08 00 45 00 
00 1c 08 df 20 01 80 06 48 6d c0 a8 24 20 c0 a8 
24 1e 38 98 97 63 50 18 41 13 00 00 00 00 00 00 
00 00 00 00 00 00 00 00 00 00 00 00 

00 04 75 8d 49 c7 00 aa 00 30 91 09 08 00 45 00 
00 1c 08 df 20 00 80 06 48 6e c0 a8 24 20 c0 a8 
24 1e 04 3e 00 17 65 53 95 58 00 00 00 00 00 00 
00 00 00 00 00 00 00 00 00 00 00 00 

00 aa 00 30 91 0d 00 04 75 8d 49 c7 08 00 45 10 
00 28 dc 4a 40 00 40 06 94 e6 c0 a8 24 1e c0 a8 
24 20 00 17 04 3e 38 98 97 63 65 53 95 59 50 10 
16 d0 00 78 00 00 00 00 00 00 00 00 

00 04 75 8d 49 c7 00 aa 00 30 91 09 08 00 45 00 
00 19 08 e0 00 02 80 06 68 6e c0 a8 24 20 c0 a8 
24 1e 5f 2b 00 00 77 00 00 00 00 00 00 00 00 00 
00 00 00 00 00 00 00 00 00 00 00 00 

00 04 75 8d 49 c7 00 aa 00 30 91 09 08 00 45 00 
00 1c 08 e0 20 01 80 06 48 6c c0 a8 24 20 c0 a8 
24 1e 38 98 97 63 50 18 41 13 00 00 00 00 00 00 
00 00 00 00 00 00 00 00 00 00 00 00 

00 04 75 8d 49 c7 00 aa 00 30 91 09 08 00 45 00 
00 1c 08 e0 20 00 80 06 48 6d c0 a8 24 20 c0 a8 
24 1e 04 3e 00 17 65 53 95 59 00 00 00 00 00 00 
00 00 00 00 00 00 00 00 00 00 00 00 

00 aa 00 30 91 0d 00 04 75 8d 49 c7 08 00 45 10 
00 28 dc 4b 40 00 40 06 94 e5 c0 a8 24 1e c0 a8 
24 20 00 17 04 3e 38 98 97 63 65 53 95 5a 50 10 
16 d0 00 77 00 00 00 00 00 00 00 00 

00 04 75 8d 49 c7 00 aa 00 30 91 09 08 00 45 00 
00 19 08 e1 00 02 80 06 68 6d c0 a8 24 20 c0 a8 
24 1e 6d 2a 00 00 69 00 00 00 00 00 00 00 00 00 
00 00 00 00 00 00 00 00 00 00 00 00 

00 04 75 8d 49 c7 00 aa 00 30 91 09 08 00 45 00 
00 1c 08 e1 20 01 80 06 48 6b c0 a8 24 20 c0 a8 
24 1e 38 98 97 63 50 18 41 13 00 00 00 00 00 00 
00 00 00 00 00 00 00 00 00 00 00 00 

00 04 75 8d 49 c7 00 aa 00 30 91 09 08 00 45 00 
00 1c 08 e1 20 00 80 06 48 6c c0 a8 24 20 c0 a8 
24 1e 04 3e 00 17 65 53 95 5a 00 00 00 00 00 00 
00 00 00 00 00 00 00 00 00 00 00 00 

00 aa 00 30 91 0d 00 04 75 8d 49 c7 08 00 45 10 
00 28 dc 4c 40 00 40 06 94 e4 c0 a8 24 1e c0 a8 
24 20 00 17 04 3e 38 98 97 63 65 53 95 5b 50 10 
16 d0 00 76 00 00 00 00 00 00 00 00 

00 04 75 8d 49 c7 00 aa 00 30 91 09 08 00 45 00 
00 19 08 e2 00 02 80 06 68 6c c0 a8 24 20 c0 a8 
24 1e 6a 29 00 00 6c 00 00 00 00 00 00 00 00 00 
00 00 00 00 00 00 00 00 00 00 00 00 

00 04 75 8d 49 c7 00 aa 00 30 91 09 08 00 45 00 
00 1c 08 e2 20 01 80 06 48 6a c0 a8 24 20 c0 a8 
24 1e 38 98 97 63 50 18 41 13 00 00 00 00 00 00 
00 00 00 00 00 00 00 00 00 00 00 00 

00 04 75 8d 49 c7 00 aa 00 30 91 09 08 00 45 00 
00 1c 08 e2 20 00 80 06 48 6b c0 a8 24 20 c0 a8 
24 1e 04 3e 00 17 65 53 95 5b 00 00 00 00 00 00 
00 00 00 00 00 00 00 00 00 00 00 00 

00 aa 00 30 91 0d 00 04 75 8d 49 c7 08 00 45 10 
00 28 dc 4d 40 00 40 06 94 e3 c0 a8 24 1e c0 a8 
24 20 00 17 04 3e 38 98 97 63 65 53 95 5c 50 10 
16 d0 00 75 00 00 00 00 00 00 00 00 

00 04 75 8d 49 c7 00 aa 00 30 91 09 08 00 45 00 
00 19 08 e3 00 02 80 06 68 6b c0 a8 24 20 c0 a8 
24 1e 6a 28 00 00 6c 00 00 00 00 00 00 00 00 00 
00 00 00 00 00 00 00 00 00 00 00 00 

00 04 75 8d 49 c7 00 aa 00 30 91 09 08 00 45 00 
00 1c 08 e3 20 01 80 06 48 69 c0 a8 24 20 c0 a8 
24 1e 38 98 97 63 50 18 41 13 00 00 00 00 00 00 
00 00 00 00 00 00 00 00 00 00 00 00 

00 04 75 8d 49 c7 00 aa 00 30 91 09 08 00 45 00 
00 1c 08 e3 20 00 80 06 48 6a c0 a8 24 20 c0 a8 
24 1e 04 3e 00 17 65 53 95 5c 00 00 00 00 00 00 
00 00 00 00 00 00 00 00 00 00 00 00 

00 aa 00 30 91 0d 00 04 75 8d 49 c7 08 00 45 10 
00 28 dc 4e 40 00 40 06 94 e2 c0 a8 24 1e c0 a8 
24 20 00 17 04 3e 38 98 97 63 65 53 95 5d 50 10 
16 d0 00 74 00 00 00 00 00 00 00 00 

00 04 75 8d 49 c7 00 aa 00 30 91 09 08 00 45 00 
00 19 08 e4 00 02 80 06 68 6a c0 a8 24 20 c0 a8 
24 1e 5f 27 00 00 77 00 00 00 00 00 00 00 00 00 
00 00 00 00 00 00 00 00 00 00 00 00 

00 04 75 8d 49 c7 00 aa 00 30 91 09 08 00 45 00 
00 1c 08 e4 20 01 80 06 48 68 c0 a8 24 20 c0 a8 
24 1e 38 98 97 63 50 18 41 13 00 00 00 00 00 00 
00 00 00 00 00 00 00 00 00 00 00 00 

00 04 75 8d 49 c7 00 aa 00 30 91 09 08 00 45 00 
00 1c 08 e4 20 00 80 06 48 69 c0 a8 24 20 c0 a8 
24 1e 04 3e 00 17 65 53 95 5d 00 00 00 00 00 00 
00 00 00 00 00 00 00 00 00 00 00 00 

00 aa 00 30 91 0d 00 04 75 8d 49 c7 08 00 45 10 
00 28 dc 4f 40 00 40 06 94 e1 c0 a8 24 1e c0 a8 
24 20 00 17 04 3e 38 98 97 63 65 53 95 5e 50 10 
16 d0 00 73 00 00 00 00 00 00 00 00 

00 04 75 8d 49 c7 00 aa 00 30 91 09 08 00 45 00 
00 19 08 e5 00 02 80 06 68 69 c0 a8 24 20 c0 a8 
24 1e 67 26 00 00 6f 00 00 00 00 00 00 00 00 00 
00 00 00 00 00 00 00 00 00 00 00 00 

00 04 75 8d 49 c7 00 aa 00 30 91 09 08 00 45 00 
00 1c 08 e5 20 01 80 06 48 67 c0 a8 24 20 c0 a8 
24 1e 38 98 97 63 50 18 41 13 00 00 00 00 00 00 
00 00 00 00 00 00 00 00 00 00 00 00 

00 04 75 8d 49 c7 00 aa 00 30 91 09 08 00 45 00 
00 1c 08 e5 20 00 80 06 48 68 c0 a8 24 20 c0 a8 
24 1e 04 3e 00 17 65 53 95 5e 00 00 00 00 00 00 
00 00 00 00 00 00 00 00 00 00 00 00 

00 aa 00 30 91 0d 00 04 75 8d 49 c7 08 00 45 10 
00 28 dc 50 40 00 40 06 94 e0 c0 a8 24 1e c0 a8 
24 20 00 17 04 3e 38 98 97 63 65 53 95 5f 50 10 
16 d0 00 72 00 00 00 00 00 00 00 00 

00 04 75 8d 49 c7 00 aa 00 30 91 09 08 00 45 00 
00 19 08 e6 00 02 80 06 68 68 c0 a8 24 20 c0 a8 
24 1e 64 25 00 00 72 00 00 00 00 00 00 00 00 00 
00 00 00 00 00 00 00 00 00 00 00 00 

00 04 75 8d 49 c7 00 aa 00 30 91 09 08 00 45 00 
00 1c 08 e6 20 01 80 06 48 66 c0 a8 24 20 c0 a8 
24 1e 38 98 97 63 50 18 41 13 00 00 00 00 00 00 
00 00 00 00 00 00 00 00 00 00 00 00 

00 04 75 8d 49 c7 00 aa 00 30 91 09 08 00 45 00 
00 1c 08 e6 20 00 80 06 48 67 c0 a8 24 20 c0 a8 
24 1e 04 3e 00 17 65 53 95 5f 00 00 00 00 00 00 
00 00 00 00 00 00 00 00 00 00 00 00 

00 aa 00 30 91 0d 00 04 75 8d 49 c7 08 00 45 10 
00 28 dc 51 40 00 40 06 94 df c0 a8 24 1e c0 a8 
24 20 00 17 04 3e 38 98 97 63 65 53 95 60 50 10 
16 d0 00 71 00 00 00 00 00 00 00 00 

00 04 75 8d 49 c7 00 aa 00 30 91 09 08 00 45 00 
00 19 08 e7 00 02 80 06 68 67 c0 a8 24 20 c0 a8 
24 1e 6b 24 00 00 6b 00 00 00 00 00 00 00 00 00 
00 00 00 00 00 00 00 00 00 00 00 00 

00 04 75 8d 49 c7 00 aa 00 30 91 09 08 00 45 00 
00 1c 08 e7 20 01 80 06 48 65 c0 a8 24 20 c0 a8 
24 1e 38 98 97 63 50 18 41 13 00 00 00 00 00 00 
00 00 00 00 00 00 00 00 00 00 00 00 

00 04 75 8d 49 c7 00 aa 00 30 91 09 08 00 45 00 
00 1c 08 e7 20 00 80 06 48 66 c0 a8 24 20 c0 a8 
24 1e 04 3e 00 17 65 53 95 60 00 00 00 00 00 00 
00 00 00 00 00 00 00 00 00 00 00 00 

00 aa 00 30 91 0d 00 04 75 8d 49 c7 08 00 45 10 
00 28 dc 52 40 00 40 06 94 de c0 a8 24 1e c0 a8 
24 20 00 17 04 3e 38 98 97 63 65 53 95 61 50 10 
16 d0 00 70 00 00 00 00 00 00 00 00 

00 04 75 8d 49 c7 00 aa 00 30 91 09 08 00 45 00 
00 1a 08 e8 00 02 80 06 68 65 c0 a8 24 20 c0 a8 
24 1e c9 18 00 00 0d 0a 00 00 00 00 00 00 00 00 
00 00 00 00 00 00 00 00 00 00 00 00 

00 04 75 8d 49 c7 00 aa 00 30 91 09 08 00 45 00 
00 1c 08 e8 20 01 80 06 48 64 c0 a8 24 20 c0 a8 
24 1e 38 98 97 63 50 18 41 13 00 00 00 00 00 00 
00 00 00 00 00 00 00 00 00 00 00 00 

00 04 75 8d 49 c7 00 aa 00 30 91 09 08 00 45 00 
00 1c 08 e8 20 00 80 06 48 65 c0 a8 24 20 c0 a8 
24 1e 04 3e 00 17 65 53 95 61 00 00 00 00 00 00 
00 00 00 00 00 00 00 00 00 00 00 00 

00 aa 00 30 91 0d 00 04 75 8d 49 c7 08 00 45 10 
00 28 dc 53 40 00 40 06 94 dd c0 a8 24 1e c0 a8 
24 20 00 17 04 3e 38 98 97 63 65 53 95 63 50 10 
16 d0 00 6e 00 00 00 00 00 00 00 00 

00 aa 00 30 91 0d 00 04 75 8d 49 c7 08 00 45 10 
00 2a dc 54 40 00 40 06 94 da c0 a8 24 1e c0 a8 
24 20 00 17 04 3e 38 98 97 63 65 53 95 63 50 18 
16 d0 f3 59 00 00 0d 0a 94 94 94 94 

00 04 75 8d 49 c7 00 aa 00 30 91 09 08 00 45 00 
00 18 08 e9 00 02 80 06 68 66 c0 a8 24 20 c0 a8 
24 1e d6 2a 00 00 00 00 00 00 00 00 00 00 00 00 
00 00 00 00 00 00 00 00 00 00 00 00 

00 04 75 8d 49 c7 00 aa 00 30 91 09 08 00 45 00 
00 1c 08 e9 20 01 80 06 48 63 c0 a8 24 20 c0 a8 
24 1e 38 98 97 65 50 10 41 11 00 00 00 00 00 00 
00 00 00 00 00 00 00 00 00 00 00 00 

00 04 75 8d 49 c7 00 aa 00 30 91 09 08 00 45 00 
00 1c 08 e9 20 00 80 06 48 64 c0 a8 24 20 c0 a8 
24 1e 04 3e 00 17 65 53 95 63 00 00 00 00 00 00 
00 00 00 00 00 00 00 00 00 00 00 00 

00 aa 00 30 91 0d 00 04 75 8d 49 c7 08 00 45 10 
00 42 dc 55 40 00 40 06 94 c1 c0 a8 24 1e c0 a8 
24 20 00 17 04 3e 38 98 97 65 65 53 95 63 50 18 
16 d0 9e 20 00 00 4c 6f 67 69 6e 20 69 6e 63 6f 
72 72 65 63 74 0d 0a 0d 0a 6c 6f 67 69 6e 3a 20 


00 04 75 8d 49 c7 00 aa 00 30 91 09 08 00 45 00 
00 18 08 ea 00 02 80 06 68 65 c0 a8 24 20 c0 a8 
24 1e d6 2a 00 00 00 00 00 00 00 00 00 00 00 00 
00 00 00 00 00 00 00 00 00 00 00 00 

00 04 75 8d 49 c7 00 aa 00 30 91 09 08 00 45 00 
00 1c 08 ea 20 01 80 06 48 62 c0 a8 24 20 c0 a8 
24 1e 38 98 97 7f 50 10 40 f7 00 00 00 00 00 00 
00 00 00 00 00 00 00 00 00 00 00 00 

00 04 75 8d 49 c7 00 aa 00 30 91 09 08 00 45 00 
00 1c 08 ea 20 00 80 06 48 63 c0 a8 24 20 c0 a8 
24 1e 04 3e 00 17 65 53 95 63 00 00 00 00 00 00 
00 00 00 00 00 00 00 00 00 00 00 00 

00 04 75 8d 49 c7 00 aa 00 30 91 09 08 00 45 00 
00 19 08 eb 00 02 80 06 68 63 c0 a8 24 20 c0 a8 
24 1e 69 21 00 00 6d 00 00 00 00 00 00 00 00 00 
00 00 00 00 00 00 00 00 00 00 00 00 

00 04 75 8d 49 c7 00 aa 00 30 91 09 08 00 45 00 
00 1c 08 eb 20 01 80 06 48 61 c0 a8 24 20 c0 a8 
24 1e 38 98 97 7f 50 18 40 f7 00 00 00 00 00 00 
00 00 00 00 00 00 00 00 00 00 00 00 

00 04 75 8d 49 c7 00 aa 00 30 91 09 08 00 45 00 
00 1c 08 eb 20 00 80 06 48 62 c0 a8 24 20 c0 a8 
24 1e 04 3e 00 17 65 53 95 63 00 00 00 00 00 00 
00 00 00 00 00 00 00 00 00 00 00 00 

00 aa 00 30 91 0d 00 04 75 8d 49 c7 08 00 45 10 
00 29 dc 56 40 00 40 06 94 d9 c0 a8 24 1e c0 a8 
24 20 00 17 04 3e 38 98 97 7f 65 53 95 64 50 18 
16 d0 93 47 00 00 6d 00 00 00 00 00 

00 04 75 8d 49 c7 00 aa 00 30 91 09 08 00 45 00 
00 19 08 ec 00 02 80 06 68 62 c0 a8 24 20 c0 a8 
24 1e 75 20 00 00 61 00 00 00 00 00 00 00 00 00 
00 00 00 00 00 00 00 00 00 00 00 00 

00 04 75 8d 49 c7 00 aa 00 30 91 09 08 00 45 00 
00 1c 08 ec 20 01 80 06 48 60 c0 a8 24 20 c0 a8 
24 1e 38 98 97 80 50 18 40 f6 00 00 00 00 00 00 
00 00 00 00 00 00 00 00 00 00 00 00 

00 04 75 8d 49 c7 00 aa 00 30 91 09 08 00 45 00 
00 1c 08 ec 20 00 80 06 48 61 c0 a8 24 20 c0 a8 
24 1e 04 3e 00 17 65 53 95 64 00 00 00 00 00 00 
00 00 00 00 00 00 00 00 00 00 00 00 

00 aa 00 30 91 0d 00 04 75 8d 49 c7 08 00 45 10 
00 29 dc 57 40 00 40 06 94 d8 c0 a8 24 1e c0 a8 
24 20 00 17 04 3e 38 98 97 80 65 53 95 65 50 18 
16 d0 9f 45 00 00 61 00 00 00 00 00 

00 04 75 8d 49 c7 00 aa 00 30 91 09 08 00 45 00 
00 19 08 ed 00 02 80 06 68 61 c0 a8 24 20 c0 a8 
24 1e 5d 1f 00 00 79 00 00 00 00 00 00 00 00 00 
00 00 00 00 00 00 00 00 00 00 00 00 

00 04 75 8d 49 c7 00 aa 00 30 91 09 08 00 45 00 
00 1c 08 ed 20 01 80 06 48 5f c0 a8 24 20 c0 a8 
24 1e 38 98 97 81 50 18 40 f5 00 00 00 00 00 00 
00 00 00 00 00 00 00 00 00 00 00 00 

00 04 75 8d 49 c7 00 aa 00 30 91 09 08 00 45 00 
00 1c 08 ed 20 00 80 06 48 60 c0 a8 24 20 c0 a8 
24 1e 04 3e 00 17 65 53 95 65 00 00 00 00 00 00 
00 00 00 00 00 00 00 00 00 00 00 00 

00 aa 00 30 91 0d 00 04 75 8d 49 c7 08 00 45 10 
00 29 dc 58 40 00 40 06 94 d7 c0 a8 24 1e c0 a8 
24 20 00 17 04 3e 38 98 97 81 65 53 95 66 50 18 
16 d0 87 43 00 00 79 00 00 00 00 00 

00 04 75 8d 49 c7 00 aa 00 30 91 09 08 00 45 00 
00 19 08 ee 00 02 80 06 68 60 c0 a8 24 20 c0 a8 
24 1e 74 1e 00 00 62 00 00 00 00 00 00 00 00 00 
00 00 00 00 00 00 00 00 00 00 00 00 

00 04 75 8d 49 c7 00 aa 00 30 91 09 08 00 45 00 
00 1c 08 ee 20 01 80 06 48 5e c0 a8 24 20 c0 a8 
24 1e 38 98 97 82 50 18 40 f4 00 00 00 00 00 00 
00 00 00 00 00 00 00 00 00 00 00 00 

00 04 75 8d 49 c7 00 aa 00 30 91 09 08 00 45 00 
00 1c 08 ee 20 00 80 06 48 5f c0 a8 24 20 c0 a8 
24 1e 04 3e 00 17 65 53 95 66 00 00 00 00 00 00 
00 00 00 00 00 00 00 00 00 00 00 00 

00 aa 00 30 91 0d 00 04 75 8d 49 c7 08 00 45 10 
00 29 dc 59 40 00 40 06 94 d6 c0 a8 24 1e c0 a8 
24 20 00 17 04 3e 38 98 97 82 65 53 95 67 50 18 
16 d0 9e 41 00 00 62 00 00 00 00 00 

00 04 75 8d 49 c7 00 aa 00 30 91 09 08 00 45 00 
00 18 08 ef 00 02 80 06 68 60 c0 a8 24 20 c0 a8 
24 1e d6 26 00 00 00 00 00 00 00 00 00 00 00 00 
00 00 00 00 00 00 00 00 00 00 00 00 

00 04 75 8d 49 c7 00 aa 00 30 91 09 08 00 45 00 
00 1c 08 ef 20 01 80 06 48 5d c0 a8 24 20 c0 a8 
24 1e 38 98 97 83 50 10 40 f3 00 00 00 00 00 00 
00 00 00 00 00 00 00 00 00 00 00 00 

00 04 75 8d 49 c7 00 aa 00 30 91 09 08 00 45 00 
00 1c 08 ef 20 00 80 06 48 5e c0 a8 24 20 c0 a8 
24 1e 04 3e 00 17 65 53 95 67 00 00 00 00 00 00 
00 00 00 00 00 00 00 00 00 00 00 00 

00 04 75 8d 49 c7 00 aa 00 30 91 09 08 00 45 00 
00 19 08 f0 00 02 80 06 68 5e c0 a8 24 20 c0 a8 
24 1e 71 1d 00 00 65 00 00 00 00 00 00 00 00 00 
00 00 00 00 00 00 00 00 00 00 00 00 

00 04 75 8d 49 c7 00 aa 00 30 91 09 08 00 45 00 
00 1c 08 f0 20 01 80 06 48 5c c0 a8 24 20 c0 a8 
24 1e 38 98 97 83 50 18 40 f3 00 00 00 00 00 00 
00 00 00 00 00 00 00 00 00 00 00 00 

00 04 75 8d 49 c7 00 aa 00 30 91 09 08 00 45 00 
00 1c 08 f0 20 00 80 06 48 5d c0 a8 24 20 c0 a8 
24 1e 04 3e 00 17 65 53 95 67 00 00 00 00 00 00 
00 00 00 00 00 00 00 00 00 00 00 00 

00 aa 00 30 91 0d 00 04 75 8d 49 c7 08 00 45 10 
00 29 dc 5a 40 00 40 06 94 d5 c0 a8 24 1e c0 a8 
24 20 00 17 04 3e 38 98 97 83 65 53 95 68 50 18 
16 d0 9b 3f 00 00 65 00 00 00 00 00 

00 04 75 8d 49 c7 00 aa 00 30 91 09 08 00 45 00 
00 19 08 f1 00 02 80 06 68 5d c0 a8 24 20 c0 a8 
24 1e ce 1c 00 00 08 00 00 00 00 00 00 00 00 00 
00 00 00 00 00 00 00 00 00 00 00 00 

00 04 75 8d 49 c7 00 aa 00 30 91 09 08 00 45 00 
00 1c 08 f1 20 01 80 06 48 5b c0 a8 24 20 c0 a8 
24 1e 38 98 97 84 50 18 40 f2 00 00 00 00 00 00 
00 00 00 00 00 00 00 00 00 00 00 00 

00 04 75 8d 49 c7 00 aa 00 30 91 09 08 00 45 00 
00 1c 08 f1 20 00 80 06 48 5c c0 a8 24 20 c0 a8 
24 1e 04 3e 00 17 65 53 95 68 00 00 00 00 00 00 
00 00 00 00 00 00 00 00 00 00 00 00 

00 aa 00 30 91 0d 00 04 75 8d 49 c7 08 00 45 10 
00 2a dc 5b 40 00 40 06 94 d3 c0 a8 24 1e c0 a8 
24 20 00 17 04 3e 38 98 97 84 65 53 95 69 50 18 
16 d0 a1 f4 00 00 5e 48 16 16 16 16 

00 04 75 8d 49 c7 00 aa 00 30 91 09 08 00 45 00 
00 18 08 f2 00 02 80 06 68 5d c0 a8 24 20 c0 a8 
24 1e d6 24 00 00 00 00 00 00 00 00 00 00 00 00 
00 00 00 00 00 00 00 00 00 00 00 00 

00 04 75 8d 49 c7 00 aa 00 30 91 09 08 00 45 00 
00 1c 08 f2 20 01 80 06 48 5a c0 a8 24 20 c0 a8 
24 1e 38 98 97 86 50 10 40 f0 00 00 00 00 00 00 
00 00 00 00 00 00 00 00 00 00 00 00 

00 04 75 8d 49 c7 00 aa 00 30 91 09 08 00 45 00 
00 1c 08 f2 20 00 80 06 48 5b c0 a8 24 20 c0 a8 
24 1e 04 3e 00 17 65 53 95 69 00 00 00 00 00 00 
00 00 00 00 00 00 00 00 00 00 00 00 

00 04 75 8d 49 c7 00 aa 00 30 91 09 08 00 45 00 
00 19 08 f3 00 02 80 06 68 5b c0 a8 24 20 c0 a8 
24 1e ce 1b 00 00 08 00 00 00 00 00 00 00 00 00 
00 00 00 00 00 00 00 00 00 00 00 00 

00 04 75 8d 49 c7 00 aa 00 30 91 09 08 00 45 00 
00 1c 08 f3 20 01 80 06 48 59 c0 a8 24 20 c0 a8 
24 1e 38 98 97 86 50 18 40 f0 00 00 00 00 00 00 
00 00 00 00 00 00 00 00 00 00 00 00 

00 04 75 8d 49 c7 00 aa 00 30 91 09 08 00 45 00 
00 1c 08 f3 20 00 80 06 48 5a c0 a8 24 20 c0 a8 
24 1e 04 3e 00 17 65 53 95 69 00 00 00 00 00 00 
00 00 00 00 00 00 00 00 00 00 00 00 

00 aa 00 30 91 0d 00 04 75 8d 49 c7 08 00 45 10 
00 2a dc 5c 40 00 40 06 94 d2 c0 a8 24 1e c0 a8 
24 20 00 17 04 3e 38 98 97 86 65 53 95 6a 50 18 
16 d0 a1 f1 00 00 5e 48 16 16 16 16 

00 04 75 8d 49 c7 00 aa 00 30 91 09 08 00 45 00 
00 19 08 f4 00 02 80 06 68 5a c0 a8 24 20 c0 a8 
24 1e ce 1a 00 00 08 00 00 00 00 00 00 00 00 00 
00 00 00 00 00 00 00 00 00 00 00 00 

00 04 75 8d 49 c7 00 aa 00 30 91 09 08 00 45 00 
00 1c 08 f4 20 01 80 06 48 58 c0 a8 24 20 c0 a8 
24 1e 38 98 97 88 50 18 40 ee 00 00 00 00 00 00 
00 00 00 00 00 00 00 00 00 00 00 00 

00 04 75 8d 49 c7 00 aa 00 30 91 09 08 00 45 00 
00 1c 08 f4 20 00 80 06 48 59 c0 a8 24 20 c0 a8 
24 1e 04 3e 00 17 65 53 95 6a 00 00 00 00 00 00 
00 00 00 00 00 00 00 00 00 00 00 00 

00 aa 00 30 91 0d 00 04 75 8d 49 c7 08 00 45 10 
00 2a dc 5d 40 00 40 06 94 d1 c0 a8 24 1e c0 a8 
24 20 00 17 04 3e 38 98 97 88 65 53 95 6b 50 18 
16 d0 a1 ee 00 00 5e 48 94 94 94 94 

00 04 75 8d 49 c7 00 aa 00 30 91 09 08 00 45 00 
00 19 08 f5 00 02 80 06 68 59 c0 a8 24 20 c0 a8 
24 1e ce 19 00 00 08 00 00 00 00 00 00 00 00 00 
00 00 00 00 00 00 00 00 00 00 00 00 

00 04 75 8d 49 c7 00 aa 00 30 91 09 08 00 45 00 
00 1c 08 f5 20 01 80 06 48 57 c0 a8 24 20 c0 a8 
24 1e 38 98 97 8a 50 18 40 ec 00 00 00 00 00 00 
00 00 00 00 00 00 00 00 00 00 00 00 

00 04 75 8d 49 c7 00 aa 00 30 91 09 08 00 45 00 
00 1c 08 f5 20 00 80 06 48 58 c0 a8 24 20 c0 a8 
24 1e 04 3e 00 17 65 53 95 6b 00 00 00 00 00 00 
00 00 00 00 00 00 00 00 00 00 00 00 

00 aa 00 30 91 0d 00 04 75 8d 49 c7 08 00 45 10 
00 2a dc 5e 40 00 40 06 94 d0 c0 a8 24 1e c0 a8 
24 20 00 17 04 3e 38 98 97 8a 65 53 95 6c 50 18 
16 d0 a1 eb 00 00 5e 48 94 94 94 94 

00 04 75 8d 49 c7 00 aa 00 30 91 09 08 00 45 00 
00 19 08 f6 00 02 80 06 68 58 c0 a8 24 20 c0 a8 
24 1e ce 18 00 00 08 00 00 00 00 00 00 00 00 00 
00 00 00 00 00 00 00 00 00 00 00 00 

00 04 75 8d 49 c7 00 aa 00 30 91 09 08 00 45 00 
00 1c 08 f6 20 01 80 06 48 56 c0 a8 24 20 c0 a8 
24 1e 38 98 97 8c 50 18 40 ea 00 00 00 00 00 00 
00 00 00 00 00 00 00 00 00 00 00 00 

00 04 75 8d 49 c7 00 aa 00 30 91 09 08 00 45 00 
00 1c 08 f6 20 00 80 06 48 57 c0 a8 24 20 c0 a8 
24 1e 04 3e 00 17 65 53 95 6c 00 00 00 00 00 00 
00 00 00 00 00 00 00 00 00 00 00 00 

00 aa 00 30 91 0d 00 04 75 8d 49 c7 08 00 45 10 
00 2a dc 5f 40 00 40 06 94 cf c0 a8 24 1e c0 a8 
24 20 00 17 04 3e 38 98 97 8c 65 53 95 6d 50 18 
16 d0 a1 e8 00 00 5e 48 94 94 94 94 

00 04 75 8d 49 c7 00 aa 00 30 91 09 08 00 45 00 
00 19 08 f7 00 02 80 06 68 57 c0 a8 24 20 c0 a8 
24 1e ce 17 00 00 08 00 00 00 00 00 00 00 00 00 
00 00 00 00 00 00 00 00 00 00 00 00 

00 04 75 8d 49 c7 00 aa 00 30 91 09 08 00 45 00 
00 1c 08 f7 20 01 80 06 48 55 c0 a8 24 20 c0 a8 
24 1e 38 98 97 8e 50 18 40 e8 00 00 00 00 00 00 
00 00 00 00 00 00 00 00 00 00 00 00 

00 04 75 8d 49 c7 00 aa 00 30 91 09 08 00 45 00 
00 1c 08 f7 20 00 80 06 48 56 c0 a8 24 20 c0 a8 
24 1e 04 3e 00 17 65 53 95 6d 00 00 00 00 00 00 
00 00 00 00 00 00 00 00 00 00 00 00 

00 aa 00 30 91 0d 00 04 75 8d 49 c7 08 00 45 10 
00 2a dc 60 40 00 40 06 94 ce c0 a8 24 1e c0 a8 
24 20 00 17 04 3e 38 98 97 8e 65 53 95 6e 50 18 
16 d0 a1 e5 00 00 5e 48 94 94 94 94 

00 04 75 8d 49 c7 00 aa 00 30 91 09 08 00 45 00 
00 19 08 f8 00 02 80 06 68 56 c0 a8 24 20 c0 a8 
24 1e ce 16 00 00 08 00 00 00 00 00 00 00 00 00 
00 00 00 00 00 00 00 00 00 00 00 00 

00 04 75 8d 49 c7 00 aa 00 30 91 09 08 00 45 00 
00 1c 08 f8 20 01 80 06 48 54 c0 a8 24 20 c0 a8 
24 1e 38 98 97 90 50 18 40 e6 00 00 00 00 00 00 
00 00 00 00 00 00 00 00 00 00 00 00 

00 04 75 8d 49 c7 00 aa 00 30 91 09 08 00 45 00 
00 1c 08 f8 20 00 80 06 48 55 c0 a8 24 20 c0 a8 
24 1e 04 3e 00 17 65 53 95 6e 00 00 00 00 00 00 
00 00 00 00 00 00 00 00 00 00 00 00 

00 aa 00 30 91 0d 00 04 75 8d 49 c7 08 00 45 10 
00 2a dc 61 40 00 40 06 94 cd c0 a8 24 1e c0 a8 
24 20 00 17 04 3e 38 98 97 90 65 53 95 6f 50 18 
16 d0 a1 e2 00 00 5e 48 94 94 94 94 

00 04 75 8d 49 c7 00 aa 00 30 91 09 08 00 45 00 
00 18 08 f9 00 02 80 06 68 56 c0 a8 24 20 c0 a8 
24 1e d6 1e 00 00 00 00 00 00 00 00 00 00 00 00 
00 00 00 00 00 00 00 00 00 00 00 00 

00 04 75 8d 49 c7 00 aa 00 30 91 09 08 00 45 00 
00 1c 08 f9 20 01 80 06 48 53 c0 a8 24 20 c0 a8 
24 1e 38 98 97 92 50 10 40 e4 00 00 00 00 00 00 
00 00 00 00 00 00 00 00 00 00 00 00 

00 04 75 8d 49 c7 00 aa 00 30 91 09 08 00 45 00 
00 1c 08 f9 20 00 80 06 48 54 c0 a8 24 20 c0 a8 
24 1e 04 3e 00 17 65 53 95 6f 00 00 00 00 00 00 
00 00 00 00 00 00 00 00 00 00 00 00 

00 04 75 8d 49 c7 00 aa 00 30 91 09 08 00 45 00 
00 19 08 fa 00 02 80 06 68 54 c0 a8 24 20 c0 a8 
24 1e 69 15 00 00 6d 00 00 00 00 00 00 00 00 00 
00 00 00 00 00 00 00 00 00 00 00 00 

00 04 75 8d 49 c7 00 aa 00 30 91 09 08 00 45 00 
00 1c 08 fa 20 01 80 06 48 52 c0 a8 24 20 c0 a8 
24 1e 38 98 97 92 50 18 40 e4 00 00 00 00 00 00 
00 00 00 00 00 00 00 00 00 00 00 00 

00 04 75 8d 49 c7 00 aa 00 30 91 09 08 00 45 00 
00 1c 08 fa 20 00 80 06 48 53 c0 a8 24 20 c0 a8 
24 1e 04 3e 00 17 65 53 95 6f 00 00 00 00 00 00 
00 00 00 00 00 00 00 00 00 00 00 00 

00 aa 00 30 91 0d 00 04 75 8d 49 c7 08 00 45 10 
00 29 dc 62 40 00 40 06 94 cd c0 a8 24 1e c0 a8 
24 20 00 17 04 3e 38 98 97 92 65 53 95 70 50 18 
16 d0 93 28 00 00 6d 00 00 00 00 00 

00 04 75 8d 49 c7 00 aa 00 30 91 09 08 00 45 00 
00 19 08 fb 00 02 80 06 68 53 c0 a8 24 20 c0 a8 
24 1e 75 14 00 00 61 00 00 00 00 00 00 00 00 00 
00 00 00 00 00 00 00 00 00 00 00 00 

00 04 75 8d 49 c7 00 aa 00 30 91 09 08 00 45 00 
00 1c 08 fb 20 01 80 06 48 51 c0 a8 24 20 c0 a8 
24 1e 38 98 97 93 50 18 40 e3 00 00 00 00 00 00 
00 00 00 00 00 00 00 00 00 00 00 00 

00 04 75 8d 49 c7 00 aa 00 30 91 09 08 00 45 00 
00 1c 08 fb 20 00 80 06 48 52 c0 a8 24 20 c0 a8 
24 1e 04 3e 00 17 65 53 95 70 00 00 00 00 00 00 
00 00 00 00 00 00 00 00 00 00 00 00 

00 aa 00 30 91 0d 00 04 75 8d 49 c7 08 00 45 10 
00 29 dc 63 40 00 40 06 94 cc c0 a8 24 1e c0 a8 
24 20 00 17 04 3e 38 98 97 93 65 53 95 71 50 18 
16 d0 9f 26 00 00 61 00 00 00 00 00 

00 04 75 8d 49 c7 00 aa 00 30 91 09 08 00 45 00 
00 18 08 fc 00 02 80 06 68 53 c0 a8 24 20 c0 a8 
24 1e d6 1c 00 00 00 00 00 00 00 00 00 00 00 00 
00 00 00 00 00 00 00 00 00 00 00 00 

00 04 75 8d 49 c7 00 aa 00 30 91 09 08 00 45 00 
00 1c 08 fc 20 01 80 06 48 50 c0 a8 24 20 c0 a8 
24 1e 38 98 97 94 50 10 40 e2 00 00 00 00 00 00 
00 00 00 00 00 00 00 00 00 00 00 00 

00 04 75 8d 49 c7 00 aa 00 30 91 09 08 00 45 00 
00 1c 08 fc 20 00 80 06 48 51 c0 a8 24 20 c0 a8 
24 1e 04 3e 00 17 65 53 95 71 00 00 00 00 00 00 
00 00 00 00 00 00 00 00 00 00 00 00 

00 04 75 8d 49 c7 00 aa 00 30 91 09 08 00 45 00 
00 19 08 fd 00 02 80 06 68 51 c0 a8 24 20 c0 a8 
24 1e 5d 13 00 00 79 00 00 00 00 00 00 00 00 00 
00 00 00 00 00 00 00 00 00 00 00 00 

00 04 75 8d 49 c7 00 aa 00 30 91 09 08 00 45 00 
00 1c 08 fd 20 01 80 06 48 4f c0 a8 24 20 c0 a8 
24 1e 38 98 97 94 50 18 40 e2 00 00 00 00 00 00 
00 00 00 00 00 00 00 00 00 00 00 00 

00 04 75 8d 49 c7 00 aa 00 30 91 09 08 00 45 00 
00 1c 08 fd 20 00 80 06 48 50 c0 a8 24 20 c0 a8 
24 1e 04 3e 00 17 65 53 95 71 00 00 00 00 00 00 
00 00 00 00 00 00 00 00 00 00 00 00 

00 aa 00 30 91 0d 00 04 75 8d 49 c7 08 00 45 10 
00 29 dc 64 40 00 40 06 94 cb c0 a8 24 1e c0 a8 
24 20 00 17 04 3e 38 98 97 94 65 53 95 72 50 18 
16 d0 87 24 00 00 79 00 00 00 00 00 

00 04 75 8d 49 c7 00 aa 00 30 91 09 08 00 45 00 
00 19 08 fe 00 02 80 06 68 50 c0 a8 24 20 c0 a8 
24 1e 74 12 00 00 62 00 00 00 00 00 00 00 00 00 
00 00 00 00 00 00 00 00 00 00 00 00 

00 04 75 8d 49 c7 00 aa 00 30 91 09 08 00 45 00 
00 1c 08 fe 20 01 80 06 48 4e c0 a8 24 20 c0 a8 
24 1e 38 98 97 95 50 18 40 e1 00 00 00 00 00 00 
00 00 00 00 00 00 00 00 00 00 00 00 

00 04 75 8d 49 c7 00 aa 00 30 91 09 08 00 45 00 
00 1c 08 fe 20 00 80 06 48 4f c0 a8 24 20 c0 a8 
24 1e 04 3e 00 17 65 53 95 72 00 00 00 00 00 00 
00 00 00 00 00 00 00 00 00 00 00 00 

00 aa 00 30 91 0d 00 04 75 8d 49 c7 08 00 45 10 
00 29 dc 65 40 00 40 06 94 ca c0 a8 24 1e c0 a8 
24 20 00 17 04 3e 38 98 97 95 65 53 95 73 50 18 
16 d0 9e 22 00 00 62 00 00 00 00 00 

00 04 75 8d 49 c7 00 aa 00 30 91 09 08 00 45 00 
00 19 08 ff 00 02 80 06 68 4f c0 a8 24 20 c0 a8 
24 1e 71 11 00 00 65 00 00 00 00 00 00 00 00 00 
00 00 00 00 00 00 00 00 00 00 00 00 

00 04 75 8d 49 c7 00 aa 00 30 91 09 08 00 45 00 
00 1c 08 ff 20 01 80 06 48 4d c0 a8 24 20 c0 a8 
24 1e 38 98 97 96 50 18 40 e0 00 00 00 00 00 00 
00 00 00 00 00 00 00 00 00 00 00 00 

00 04 75 8d 49 c7 00 aa 00 30 91 09 08 00 45 00 
00 1c 08 ff 20 00 80 06 48 4e c0 a8 24 20 c0 a8 
24 1e 04 3e 00 17 65 53 95 73 00 00 00 00 00 00 
00 00 00 00 00 00 00 00 00 00 00 00 

00 aa 00 30 91 0d 00 04 75 8d 49 c7 08 00 45 10 
00 29 dc 66 40 00 40 06 94 c9 c0 a8 24 1e c0 a8 
24 20 00 17 04 3e 38 98 97 96 65 53 95 74 50 18 
16 d0 9b 20 00 00 65 00 00 00 00 00 

00 04 75 8d 49 c7 00 aa 00 30 91 09 08 00 45 00 
00 18 09 00 00 02 80 06 68 4f c0 a8 24 20 c0 a8 
24 1e d6 19 00 00 00 00 00 00 00 00 00 00 00 00 
00 00 00 00 00 00 00 00 00 00 00 00 

00 04 75 8d 49 c7 00 aa 00 30 91 09 08 00 45 00 
00 1c 09 00 20 01 80 06 48 4c c0 a8 24 20 c0 a8 
24 1e 38 98 97 97 50 10 40 df 00 00 00 00 00 00 
00 00 00 00 00 00 00 00 00 00 00 00 

00 04 75 8d 49 c7 00 aa 00 30 91 09 08 00 45 00 
00 1c 09 00 20 00 80 06 48 4d c0 a8 24 20 c0 a8 
24 1e 04 3e 00 17 65 53 95 74 00 00 00 00 00 00 
00 00 00 00 00 00 00 00 00 00 00 00 

00 04 75 8d 49 c7 00 aa 00 30 91 09 08 00 45 00 
00 1a 09 01 00 02 80 06 68 4c c0 a8 24 20 c0 a8 
24 1e c9 05 00 00 0d 0a 00 00 00 00 00 00 00 00 
00 00 00 00 00 00 00 00 00 00 00 00 

00 04 75 8d 49 c7 00 aa 00 30 91 09 08 00 45 00 
00 1c 09 01 20 01 80 06 48 4b c0 a8 24 20 c0 a8 
24 1e 38 98 97 97 50 18 40 df 00 00 00 00 00 00 
00 00 00 00 00 00 00 00 00 00 00 00 

00 04 75 8d 49 c7 00 aa 00 30 91 09 08 00 45 00 
00 1c 09 01 20 00 80 06 48 4c c0 a8 24 20 c0 a8 
24 1e 04 3e 00 17 65 53 95 74 00 00 00 00 00 00 
00 00 00 00 00 00 00 00 00 00 00 00 

00 aa 00 30 91 0d 00 04 75 8d 49 c7 08 00 45 10 
00 2a dc 67 40 00 40 06 94 c7 c0 a8 24 1e c0 a8 
24 20 00 17 04 3e 38 98 97 97 65 53 95 76 50 18 
16 d0 f3 12 00 00 0d 0a 00 00 00 00 

00 04 75 8d 49 c7 00 aa 00 30 91 09 08 00 45 00 
00 18 09 02 00 02 80 06 68 4d c0 a8 24 20 c0 a8 
24 1e d6 17 00 00 00 00 00 00 00 00 00 00 00 00 
00 00 00 00 00 00 00 00 00 00 00 00 

00 04 75 8d 49 c7 00 aa 00 30 91 09 08 00 45 00 
00 1c 09 02 20 01 80 06 48 4a c0 a8 24 20 c0 a8 
24 1e 38 98 97 99 50 10 40 dd 00 00 00 00 00 00 
00 00 00 00 00 00 00 00 00 00 00 00 

00 04 75 8d 49 c7 00 aa 00 30 91 09 08 00 45 00 
00 1c 09 02 20 00 80 06 48 4b c0 a8 24 20 c0 a8 
24 1e 04 3e 00 17 65 53 95 76 00 00 00 00 00 00 
00 00 00 00 00 00 00 00 00 00 00 00 

00 aa 00 30 91 0d 00 04 75 8d 49 c7 08 00 45 10 
00 32 dc 68 40 00 40 06 94 be c0 a8 24 1e c0 a8 
24 20 00 17 04 3e 38 98 97 99 65 53 95 76 50 18 
16 d0 18 4a 00 00 50 61 73 73 77 6f 72 64 3a 20 


00 04 75 8d 49 c7 00 aa 00 30 91 09 08 00 45 00 
00 18 09 03 00 02 80 06 68 4c c0 a8 24 20 c0 a8 
24 1e d6 17 00 00 00 00 00 00 00 00 00 00 00 00 
00 00 00 00 00 00 00 00 00 00 00 00 

00 04 75 8d 49 c7 00 aa 00 30 91 09 08 00 45 00 
00 1c 09 03 20 01 80 06 48 49 c0 a8 24 20 c0 a8 
24 1e 38 98 97 a3 50 10 40 d3 00 00 00 00 00 00 
00 00 00 00 00 00 00 00 00 00 00 00 

00 04 75 8d 49 c7 00 aa 00 30 91 09 08 00 45 00 
00 1c 09 03 20 00 80 06 48 4a c0 a8 24 20 c0 a8 
24 1e 04 3e 00 17 65 53 95 76 00 00 00 00 00 00 
00 00 00 00 00 00 00 00 00 00 00 00 

00 04 75 8d 49 c7 00 aa 00 30 91 09 08 00 45 00 
00 19 09 04 00 02 80 06 68 4a c0 a8 24 20 c0 a8 
24 1e 68 0e 00 00 6e 00 00 00 00 00 00 00 00 00 
00 00 00 00 00 00 00 00 00 00 00 00 

00 04 75 8d 49 c7 00 aa 00 30 91 09 08 00 45 00 
00 1c 09 04 20 01 80 06 48 48 c0 a8 24 20 c0 a8 
24 1e 38 98 97 a3 50 18 40 d3 00 00 00 00 00 00 
00 00 00 00 00 00 00 00 00 00 00 00 

00 04 75 8d 49 c7 00 aa 00 30 91 09 08 00 45 00 
00 1c 09 04 20 00 80 06 48 49 c0 a8 24 20 c0 a8 
24 1e 04 3e 00 17 65 53 95 76 00 00 00 00 00 00 
00 00 00 00 00 00 00 00 00 00 00 00 

00 aa 00 30 91 0d 00 04 75 8d 49 c7 08 00 45 10 
00 28 dc 69 40 00 40 06 94 c7 c0 a8 24 1e c0 a8 
24 20 00 17 04 3e 38 98 97 a3 65 53 95 77 50 10 
16 d0 00 1a 00 00 00 00 00 00 00 00 

00 04 75 8d 49 c7 00 aa 00 30 91 09 08 00 45 00 
00 19 09 05 00 02 80 06 68 49 c0 a8 24 20 c0 a8 
24 1e 67 0d 00 00 6f 00 00 00 00 00 00 00 00 00 
00 00 00 00 00 00 00 00 00 00 00 00 

00 04 75 8d 49 c7 00 aa 00 30 91 09 08 00 45 00 
00 1c 09 05 20 01 80 06 48 47 c0 a8 24 20 c0 a8 
24 1e 38 98 97 a3 50 18 40 d3 00 00 00 00 00 00 
00 00 00 00 00 00 00 00 00 00 00 00 

00 04 75 8d 49 c7 00 aa 00 30 91 09 08 00 45 00 
00 1c 09 05 20 00 80 06 48 48 c0 a8 24 20 c0 a8 
24 1e 04 3e 00 17 65 53 95 77 00 00 00 00 00 00 
00 00 00 00 00 00 00 00 00 00 00 00 

00 aa 00 30 91 0d 00 04 75 8d 49 c7 08 00 45 10 
00 28 dc 6a 40 00 40 06 94 c6 c0 a8 24 1e c0 a8 
24 20 00 17 04 3e 38 98 97 a3 65 53 95 78 50 10 
16 d0 00 19 00 00 00 00 00 00 00 00 

00 04 75 8d 49 c7 00 aa 00 30 91 09 08 00 45 00 
00 19 09 06 00 02 80 06 68 48 c0 a8 24 20 c0 a8 
24 1e 62 0c 00 00 74 00 00 00 00 00 00 00 00 00 
00 00 00 00 00 00 00 00 00 00 00 00 

00 04 75 8d 49 c7 00 aa 00 30 91 09 08 00 45 00 
00 1c 09 06 20 01 80 06 48 46 c0 a8 24 20 c0 a8 
24 1e 38 98 97 a3 50 18 40 d3 00 00 00 00 00 00 
00 00 00 00 00 00 00 00 00 00 00 00 

00 04 75 8d 49 c7 00 aa 00 30 91 09 08 00 45 00 
00 1c 09 06 20 00 80 06 48 47 c0 a8 24 20 c0 a8 
24 1e 04 3e 00 17 65 53 95 78 00 00 00 00 00 00 
00 00 00 00 00 00 00 00 00 00 00 00 

00 aa 00 30 91 0d 00 04 75 8d 49 c7 08 00 45 10 
00 28 dc 6b 40 00 40 06 94 c5 c0 a8 24 1e c0 a8 
24 20 00 17 04 3e 38 98 97 a3 65 53 95 79 50 10 
16 d0 00 18 00 00 00 00 00 00 00 00 

00 04 75 8d 49 c7 00 aa 00 30 91 09 08 00 45 00 
00 1a 09 07 00 02 80 06 68 46 c0 a8 24 20 c0 a8 
24 1e c9 00 00 00 0d 0a 00 00 00 00 00 00 00 00 
00 00 00 00 00 00 00 00 00 00 00 00 

00 04 75 8d 49 c7 00 aa 00 30 91 09 08 00 45 00 
00 1c 09 07 20 01 80 06 48 45 c0 a8 24 20 c0 a8 
24 1e 38 98 97 a3 50 18 40 d3 00 00 00 00 00 00 
00 00 00 00 00 00 00 00 00 00 00 00 

00 04 75 8d 49 c7 00 aa 00 30 91 09 08 00 45 00 
00 1c 09 07 20 00 80 06 48 46 c0 a8 24 20 c0 a8 
24 1e 04 3e 00 17 65 53 95 79 00 00 00 00 00 00 
00 00 00 00 00 00 00 00 00 00 00 00 

00 aa 00 30 91 0d 00 04 75 8d 49 c7 08 00 45 10 
00 28 dc 6c 40 00 40 06 94 c4 c0 a8 24 1e c0 a8 
24 20 00 17 04 3e 38 98 97 a3 65 53 95 7b 50 10 
16 d0 00 16 00 00 00 00 00 00 00 00 

00 aa 00 30 91 0d 00 04 75 8d 49 c7 08 00 45 10 
00 2a dc 6d 40 00 40 06 94 c1 c0 a8 24 1e c0 a8 
24 20 00 17 04 3e 38 98 97 a3 65 53 95 7b 50 18 
16 d0 f3 01 00 00 0d 0a 94 94 94 94 

00 04 75 8d 49 c7 00 aa 00 30 91 09 08 00 45 00 
00 18 09 08 00 02 80 06 68 47 c0 a8 24 20 c0 a8 
24 1e d6 12 00 00 00 00 00 00 00 00 00 00 00 00 
00 00 00 00 00 00 00 00 00 00 00 00 

00 04 75 8d 49 c7 00 aa 00 30 91 09 08 00 45 00 
00 1c 09 08 20 01 80 06 48 44 c0 a8 24 20 c0 a8 
24 1e 38 98 97 a5 50 10 40 d1 00 00 00 00 00 00 
00 00 00 00 00 00 00 00 00 00 00 00 

00 04 75 8d 49 c7 00 aa 00 30 91 09 08 00 45 00 
00 1c 09 08 20 00 80 06 48 45 c0 a8 24 20 c0 a8 
24 1e 04 3e 00 17 65 53 95 7b 00 00 00 00 00 00 
00 00 00 00 00 00 00 00 00 00 00 00 

00 aa 00 30 91 0d 00 04 75 8d 49 c7 08 00 45 10 
00 42 dc 6e 40 00 40 06 94 a8 c0 a8 24 1e c0 a8 
24 20 00 17 04 3e 38 98 97 a5 65 53 95 7b 50 18 
16 d0 9d c8 00 00 4c 6f 67 69 6e 20 69 6e 63 6f 
72 72 65 63 74 0d 0a 0d 0a 6c 6f 67 69 6e 3a 20 


00 04 75 8d 49 c7 00 aa 00 30 91 09 08 00 45 00 
00 18 09 09 00 02 80 06 68 46 c0 a8 24 20 c0 a8 
24 1e d6 12 00 00 00 00 00 00 00 00 00 00 00 00 
00 00 00 00 00 00 00 00 00 00 00 00 

00 04 75 8d 49 c7 00 aa 00 30 91 09 08 00 45 00 
00 1c 09 09 20 01 80 06 48 43 c0 a8 24 20 c0 a8 
24 1e 38 98 97 bf 50 10 40 b7 00 00 00 00 00 00 
00 00 00 00 00 00 00 00 00 00 00 00 

00 04 75 8d 49 c7 00 aa 00 30 91 09 08 00 45 00 
00 1c 09 09 20 00 80 06 48 44 c0 a8 24 20 c0 a8 
24 1e 04 3e 00 17 65 53 95 7b 00 00 00 00 00 00 
00 00 00 00 00 00 00 00 00 00 00 00 

00 04 75 8d 49 c7 00 aa 00 30 91 09 08 00 45 00 
00 19 09 0b 00 02 80 06 68 43 c0 a8 24 20 c0 a8 
24 1e 75 09 00 00 61 00 00 00 00 00 00 00 00 00 
00 00 00 00 00 00 00 00 00 00 00 00 

00 04 75 8d 49 c7 00 aa 00 30 91 09 08 00 45 00 
00 1c 09 0b 20 01 80 06 48 41 c0 a8 24 20 c0 a8 
24 1e 38 98 97 bf 50 18 40 b7 00 00 00 00 00 00 
00 00 00 00 00 00 00 00 00 00 00 00 

00 04 75 8d 49 c7 00 aa 00 30 91 09 08 00 45 00 
00 1c 09 0b 20 00 80 06 48 42 c0 a8 24 20 c0 a8 
24 1e 04 3e 00 17 65 53 95 7b 00 00 00 00 00 00 
00 00 00 00 00 00 00 00 00 00 00 00 

00 aa 00 30 91 0d 00 04 75 8d 49 c7 08 00 45 10 
00 29 dc 6f 40 00 40 06 94 c0 c0 a8 24 1e c0 a8 
24 20 00 17 04 3e 38 98 97 bf 65 53 95 7c 50 18 
16 d0 9e ef 00 00 61 00 00 00 00 00 

00 04 75 8d 49 c7 00 aa 00 30 91 09 08 00 45 00 
00 18 09 0c 00 02 80 06 68 43 c0 a8 24 20 c0 a8 
24 1e d6 11 00 00 00 00 00 00 00 00 00 00 00 00 
00 00 00 00 00 00 00 00 00 00 00 00 

00 04 75 8d 49 c7 00 aa 00 30 91 09 08 00 45 00 
00 1c 09 0c 20 01 80 06 48 40 c0 a8 24 20 c0 a8 
24 1e 38 98 97 c0 50 10 40 b6 00 00 00 00 00 00 
00 00 00 00 00 00 00 00 00 00 00 00 

00 04 75 8d 49 c7 00 aa 00 30 91 09 08 00 45 00 
00 1c 09 0c 20 00 80 06 48 41 c0 a8 24 20 c0 a8 
24 1e 04 3e 00 17 65 53 95 7c 00 00 00 00 00 00 
00 00 00 00 00 00 00 00 00 00 00 00 

00 04 75 8d 49 c7 00 aa 00 30 91 09 08 00 45 00 
00 19 09 0d 00 02 80 06 68 41 c0 a8 24 20 c0 a8 
24 1e 73 08 00 00 63 00 00 00 00 00 00 00 00 00 
00 00 00 00 00 00 00 00 00 00 00 00 

00 04 75 8d 49 c7 00 aa 00 30 91 09 08 00 45 00 
00 1c 09 0d 20 01 80 06 48 3f c0 a8 24 20 c0 a8 
24 1e 38 98 97 c0 50 18 40 b6 00 00 00 00 00 00 
00 00 00 00 00 00 00 00 00 00 00 00 

00 04 75 8d 49 c7 00 aa 00 30 91 09 08 00 45 00 
00 1c 09 0d 20 00 80 06 48 40 c0 a8 24 20 c0 a8 
24 1e 04 3e 00 17 65 53 95 7c 00 00 00 00 00 00 
00 00 00 00 00 00 00 00 00 00 00 00 

00 aa 00 30 91 0d 00 04 75 8d 49 c7 08 00 45 10 
00 29 dc 70 40 00 40 06 94 bf c0 a8 24 1e c0 a8 
24 20 00 17 04 3e 38 98 97 c0 65 53 95 7d 50 18 
16 d0 9c ed 00 00 63 00 00 00 00 00 

00 04 75 8d 49 c7 00 aa 00 30 91 09 08 00 45 00 
00 19 09 0e 00 02 80 06 68 40 c0 a8 24 20 c0 a8 
24 1e 73 07 00 00 63 00 00 00 00 00 00 00 00 00 
00 00 00 00 00 00 00 00 00 00 00 00 

00 04 75 8d 49 c7 00 aa 00 30 91 09 08 00 45 00 
00 1c 09 0e 20 01 80 06 48 3e c0 a8 24 20 c0 a8 
24 1e 38 98 97 c1 50 18 40 b5 00 00 00 00 00 00 
00 00 00 00 00 00 00 00 00 00 00 00 

00 04 75 8d 49 c7 00 aa 00 30 91 09 08 00 45 00 
00 1c 09 0e 20 00 80 06 48 3f c0 a8 24 20 c0 a8 
24 1e 04 3e 00 17 65 53 95 7d 00 00 00 00 00 00 
00 00 00 00 00 00 00 00 00 00 00 00 

00 aa 00 30 91 0d 00 04 75 8d 49 c7 08 00 45 10 
00 29 dc 71 40 00 40 06 94 be c0 a8 24 1e c0 a8 
24 20 00 17 04 3e 38 98 97 c1 65 53 95 7e 50 18 
16 d0 9c eb 00 00 63 00 00 00 00 00 

00 04 75 8d 49 c7 00 aa 00 30 91 09 08 00 45 00 
00 19 09 0f 00 02 80 06 68 3f c0 a8 24 20 c0 a8 
24 1e 71 06 00 00 65 00 00 00 00 00 00 00 00 00 
00 00 00 00 00 00 00 00 00 00 00 00 

00 04 75 8d 49 c7 00 aa 00 30 91 09 08 00 45 00 
00 1c 09 0f 20 01 80 06 48 3d c0 a8 24 20 c0 a8 
24 1e 38 98 97 c2 50 18 40 b4 00 00 00 00 00 00 
00 00 00 00 00 00 00 00 00 00 00 00 

00 04 75 8d 49 c7 00 aa 00 30 91 09 08 00 45 00 
00 1c 09 0f 20 00 80 06 48 3e c0 a8 24 20 c0 a8 
24 1e 04 3e 00 17 65 53 95 7e 00 00 00 00 00 00 
00 00 00 00 00 00 00 00 00 00 00 00 

00 aa 00 30 91 0d 00 04 75 8d 49 c7 08 00 45 10 
00 29 dc 72 40 00 40 06 94 bd c0 a8 24 1e c0 a8 
24 20 00 17 04 3e 38 98 97 c2 65 53 95 7f 50 18 
16 d0 9a e9 00 00 65 00 00 00 00 00 

00 04 75 8d 49 c7 00 aa 00 30 91 09 08 00 45 00 
00 18 09 10 00 02 80 06 68 3f c0 a8 24 20 c0 a8 
24 1e d6 0e 00 00 00 00 00 00 00 00 00 00 00 00 
00 00 00 00 00 00 00 00 00 00 00 00 

00 04 75 8d 49 c7 00 aa 00 30 91 09 08 00 45 00 
00 1c 09 10 20 01 80 06 48 3c c0 a8 24 20 c0 a8 
24 1e 38 98 97 c3 50 10 40 b3 00 00 00 00 00 00 
00 00 00 00 00 00 00 00 00 00 00 00 

00 04 75 8d 49 c7 00 aa 00 30 91 09 08 00 45 00 
00 1c 09 10 20 00 80 06 48 3d c0 a8 24 20 c0 a8 
24 1e 04 3e 00 17 65 53 95 7f 00 00 00 00 00 00 
00 00 00 00 00 00 00 00 00 00 00 00 

00 04 75 8d 49 c7 00 aa 00 30 91 09 08 00 45 00 
00 19 09 11 00 02 80 06 68 3d c0 a8 24 20 c0 a8 
24 1e 63 05 00 00 73 00 00 00 00 00 00 00 00 00 
00 00 00 00 00 00 00 00 00 00 00 00 

00 04 75 8d 49 c7 00 aa 00 30 91 09 08 00 45 00 
00 1c 09 11 20 01 80 06 48 3b c0 a8 24 20 c0 a8 
24 1e 38 98 97 c3 50 18 40 b3 00 00 00 00 00 00 
00 00 00 00 00 00 00 00 00 00 00 00 

00 04 75 8d 49 c7 00 aa 00 30 91 09 08 00 45 00 
00 1c 09 11 20 00 80 06 48 3c c0 a8 24 20 c0 a8 
24 1e 04 3e 00 17 65 53 95 7f 00 00 00 00 00 00 
00 00 00 00 00 00 00 00 00 00 00 00 

00 aa 00 30 91 0d 00 04 75 8d 49 c7 08 00 45 10 
00 29 dc 73 40 00 40 06 94 bc c0 a8 24 1e c0 a8 
24 20 00 17 04 3e 38 98 97 c3 65 53 95 80 50 18 
16 d0 8c e7 00 00 73 00 00 00 00 00 

00 04 75 8d 49 c7 00 aa 00 30 91 09 08 00 45 00 
00 18 09 12 00 02 80 06 68 3d c0 a8 24 20 c0 a8 
24 1e d6 0d 00 00 00 00 00 00 00 00 00 00 00 00 
00 00 00 00 00 00 00 00 00 00 00 00 

00 04 75 8d 49 c7 00 aa 00 30 91 09 08 00 45 00 
00 1c 09 12 20 01 80 06 48 3a c0 a8 24 20 c0 a8 
24 1e 38 98 97 c4 50 10 40 b2 00 00 00 00 00 00 
00 00 00 00 00 00 00 00 00 00 00 00 

00 04 75 8d 49 c7 00 aa 00 30 91 09 08 00 45 00 
00 1c 09 12 20 00 80 06 48 3b c0 a8 24 20 c0 a8 
24 1e 04 3e 00 17 65 53 95 80 00 00 00 00 00 00 
00 00 00 00 00 00 00 00 00 00 00 00 

00 04 75 8d 49 c7 00 aa 00 30 91 09 08 00 45 00 
00 19 09 13 00 02 80 06 68 3b c0 a8 24 20 c0 a8 
24 1e 63 04 00 00 73 00 00 00 00 00 00 00 00 00 
00 00 00 00 00 00 00 00 00 00 00 00 

00 04 75 8d 49 c7 00 aa 00 30 91 09 08 00 45 00 
00 1c 09 13 20 01 80 06 48 39 c0 a8 24 20 c0 a8 
24 1e 38 98 97 c4 50 18 40 b2 00 00 00 00 00 00 
00 00 00 00 00 00 00 00 00 00 00 00 

00 04 75 8d 49 c7 00 aa 00 30 91 09 08 00 45 00 
00 1c 09 13 20 00 80 06 48 3a c0 a8 24 20 c0 a8 
24 1e 04 3e 00 17 65 53 95 80 00 00 00 00 00 00 
00 00 00 00 00 00 00 00 00 00 00 00 

00 aa 00 30 91 0d 00 04 75 8d 49 c7 08 00 45 10 
00 29 dc 74 40 00 40 06 94 bb c0 a8 24 1e c0 a8 
24 20 00 17 04 3e 38 98 97 c4 65 53 95 81 50 18 
16 d0 8c e5 00 00 73 00 00 00 00 00 

00 04 75 8d 49 c7 00 aa 00 30 91 09 08 00 45 00 
00 18 09 14 00 02 80 06 68 3b c0 a8 24 20 c0 a8 
24 1e d6 0c 00 00 00 00 00 00 00 00 00 00 00 00 
00 00 00 00 00 00 00 00 00 00 00 00 

00 04 75 8d 49 c7 00 aa 00 30 91 09 08 00 45 00 
00 1c 09 14 20 01 80 06 48 38 c0 a8 24 20 c0 a8 
24 1e 38 98 97 c5 50 10 40 b1 00 00 00 00 00 00 
00 00 00 00 00 00 00 00 00 00 00 00 

00 04 75 8d 49 c7 00 aa 00 30 91 09 08 00 45 00 
00 1c 09 14 20 00 80 06 48 39 c0 a8 24 20 c0 a8 
24 1e 04 3e 00 17 65 53 95 81 00 00 00 00 00 00 
00 00 00 00 00 00 00 00 00 00 00 00 

00 04 75 8d 49 c7 00 aa 00 30 91 09 08 00 45 00 
00 1a 09 15 00 02 80 06 68 38 c0 a8 24 20 c0 a8 
24 1e c8 f8 00 00 0d 0a 00 00 00 00 00 00 00 00 
00 00 00 00 00 00 00 00 00 00 00 00 

00 04 75 8d 49 c7 00 aa 00 30 91 09 08 00 45 00 
00 1c 09 15 20 01 80 06 48 37 c0 a8 24 20 c0 a8 
24 1e 38 98 97 c5 50 18 40 b1 00 00 00 00 00 00 
00 00 00 00 00 00 00 00 00 00 00 00 

00 04 75 8d 49 c7 00 aa 00 30 91 09 08 00 45 00 
00 1c 09 15 20 00 80 06 48 38 c0 a8 24 20 c0 a8 
24 1e 04 3e 00 17 65 53 95 81 00 00 00 00 00 00 
00 00 00 00 00 00 00 00 00 00 00 00 

00 aa 00 30 91 0d 00 04 75 8d 49 c7 08 00 45 10 
00 2a dc 75 40 00 40 06 94 b9 c0 a8 24 1e c0 a8 
24 20 00 17 04 3e 38 98 97 c5 65 53 95 83 50 18 
16 d0 f2 d7 00 00 0d 0a 94 94 94 94 

00 04 75 8d 49 c7 00 aa 00 30 91 09 08 00 45 00 
00 18 09 16 00 02 80 06 68 39 c0 a8 24 20 c0 a8 
24 1e d6 0a 00 00 00 00 00 00 00 00 00 00 00 00 
00 00 00 00 00 00 00 00 00 00 00 00 

00 04 75 8d 49 c7 00 aa 00 30 91 09 08 00 45 00 
00 1c 09 16 20 01 80 06 48 36 c0 a8 24 20 c0 a8 
24 1e 38 98 97 c7 50 10 40 af 00 00 00 00 00 00 
00 00 00 00 00 00 00 00 00 00 00 00 

00 04 75 8d 49 c7 00 aa 00 30 91 09 08 00 45 00 
00 1c 09 16 20 00 80 06 48 37 c0 a8 24 20 c0 a8 
24 1e 04 3e 00 17 65 53 95 83 00 00 00 00 00 00 
00 00 00 00 00 00 00 00 00 00 00 00 

00 aa 00 30 91 0d 00 04 75 8d 49 c7 08 00 45 10 
00 32 dc 76 40 00 40 06 94 b0 c0 a8 24 1e c0 a8 
24 20 00 17 04 3e 38 98 97 c7 65 53 95 83 50 18 
16 d0 18 0f 00 00 50 61 73 73 77 6f 72 64 3a 20 


00 04 75 8d 49 c7 00 aa 00 30 91 09 08 00 45 00 
00 18 09 17 00 02 80 06 68 38 c0 a8 24 20 c0 a8 
24 1e d6 0a 00 00 00 00 00 00 00 00 00 00 00 00 
00 00 00 00 00 00 00 00 00 00 00 00 

00 04 75 8d 49 c7 00 aa 00 30 91 09 08 00 45 00 
00 1c 09 17 20 01 80 06 48 35 c0 a8 24 20 c0 a8 
24 1e 38 98 97 d1 50 10 40 a5 00 00 00 00 00 00 
00 00 00 00 00 00 00 00 00 00 00 00 

00 04 75 8d 49 c7 00 aa 00 30 91 09 08 00 45 00 
00 1c 09 17 20 00 80 06 48 36 c0 a8 24 20 c0 a8 
24 1e 04 3e 00 17 65 53 95 83 00 00 00 00 00 00 
00 00 00 00 00 00 00 00 00 00 00 00 

00 04 75 8d 49 c7 00 aa 00 30 91 09 08 00 45 00 
00 19 09 18 00 02 80 06 68 36 c0 a8 24 20 c0 a8 
24 1e 63 01 00 00 73 00 00 00 00 00 00 00 00 00 
00 00 00 00 00 00 00 00 00 00 00 00 

00 04 75 8d 49 c7 00 aa 00 30 91 09 08 00 45 00 
00 1c 09 18 20 01 80 06 48 34 c0 a8 24 20 c0 a8 
24 1e 38 98 97 d1 50 18 40 a5 00 00 00 00 00 00 
00 00 00 00 00 00 00 00 00 00 00 00 

00 04 75 8d 49 c7 00 aa 00 30 91 09 08 00 45 00 
00 1c 09 18 20 00 80 06 48 35 c0 a8 24 20 c0 a8 
24 1e 04 3e 00 17 65 53 95 83 00 00 00 00 00 00 
00 00 00 00 00 00 00 00 00 00 00 00 

00 aa 00 30 91 0d 00 04 75 8d 49 c7 08 00 45 10 
00 28 dc 77 40 00 40 06 94 b9 c0 a8 24 1e c0 a8 
24 20 00 17 04 3e 38 98 97 d1 65 53 95 84 50 10 
16 d0 ff de 00 00 00 00 00 00 00 00 

00 04 75 8d 49 c7 00 aa 00 30 91 09 08 00 45 00 
00 19 09 19 00 02 80 06 68 35 c0 a8 24 20 c0 a8 
24 1e 61 00 00 00 75 00 00 00 00 00 00 00 00 00 
00 00 00 00 00 00 00 00 00 00 00 00 

00 04 75 8d 49 c7 00 aa 00 30 91 09 08 00 45 00 
00 1c 09 19 20 01 80 06 48 33 c0 a8 24 20 c0 a8 
24 1e 38 98 97 d1 50 18 40 a5 00 00 00 00 00 00 
00 00 00 00 00 00 00 00 00 00 00 00 

00 04 75 8d 49 c7 00 aa 00 30 91 09 08 00 45 00 
00 1c 09 19 20 00 80 06 48 34 c0 a8 24 20 c0 a8 
24 1e 04 3e 00 17 65 53 95 84 00 00 00 00 00 00 
00 00 00 00 00 00 00 00 00 00 00 00 

00 aa 00 30 91 0d 00 04 75 8d 49 c7 08 00 45 10 
00 28 dc 78 40 00 40 06 94 b8 c0 a8 24 1e c0 a8 
24 20 00 17 04 3e 38 98 97 d1 65 53 95 85 50 10 
16 d0 ff dd 00 00 00 00 00 00 00 00 

00 04 75 8d 49 c7 00 aa 00 30 91 09 08 00 45 00 
00 19 09 1a 00 02 80 06 68 34 c0 a8 24 20 c0 a8 
24 1e 65 ff 00 00 70 00 00 00 00 00 00 00 00 00 
00 00 00 00 00 00 00 00 00 00 00 00 

00 04 75 8d 49 c7 00 aa 00 30 91 09 08 00 45 00 
00 1c 09 1a 20 01 80 06 48 32 c0 a8 24 20 c0 a8 
24 1e 38 98 97 d1 50 18 40 a5 00 00 00 00 00 00 
00 00 00 00 00 00 00 00 00 00 00 00 

00 04 75 8d 49 c7 00 aa 00 30 91 09 08 00 45 00 
00 1c 09 1a 20 00 80 06 48 33 c0 a8 24 20 c0 a8 
24 1e 04 3e 00 17 65 53 95 85 00 00 00 00 00 00 
00 00 00 00 00 00 00 00 00 00 00 00 

00 aa 00 30 91 0d 00 04 75 8d 49 c7 08 00 45 10 
00 28 dc 79 40 00 40 06 94 b7 c0 a8 24 1e c0 a8 
24 20 00 17 04 3e 38 98 97 d1 65 53 95 86 50 10 
16 d0 ff dc 00 00 00 00 00 00 00 00 

00 04 75 8d 49 c7 00 aa 00 30 91 09 08 00 45 00 
00 19 09 1b 00 02 80 06 68 33 c0 a8 24 20 c0 a8 
24 1e 70 fe 00 00 65 00 00 00 00 00 00 00 00 00 
00 00 00 00 00 00 00 00 00 00 00 00 

00 04 75 8d 49 c7 00 aa 00 30 91 09 08 00 45 00 
00 1c 09 1b 20 01 80 06 48 31 c0 a8 24 20 c0 a8 
24 1e 38 98 97 d1 50 18 40 a5 00 00 00 00 00 00 
00 00 00 00 00 00 00 00 00 00 00 00 

00 04 75 8d 49 c7 00 aa 00 30 91 09 08 00 45 00 
00 1c 09 1b 20 00 80 06 48 32 c0 a8 24 20 c0 a8 
24 1e 04 3e 00 17 65 53 95 86 00 00 00 00 00 00 
00 00 00 00 00 00 00 00 00 00 00 00 

00 aa 00 30 91 0d 00 04 75 8d 49 c7 08 00 45 10 
00 28 dc 7a 40 00 40 06 94 b6 c0 a8 24 1e c0 a8 
24 20 00 17 04 3e 38 98 97 d1 65 53 95 87 50 10 
16 d0 ff db 00 00 00 00 00 00 00 00 

00 04 75 8d 49 c7 00 aa 00 30 91 09 08 00 45 00 
00 19 09 1c 00 02 80 06 68 32 c0 a8 24 20 c0 a8 
24 1e 63 fd 00 00 72 00 00 00 00 00 00 00 00 00 
00 00 00 00 00 00 00 00 00 00 00 00 

00 04 75 8d 49 c7 00 aa 00 30 91 09 08 00 45 00 
00 1c 09 1c 20 01 80 06 48 30 c0 a8 24 20 c0 a8 
24 1e 38 98 97 d1 50 18 40 a5 00 00 00 00 00 00 
00 00 00 00 00 00 00 00 00 00 00 00 

00 04 75 8d 49 c7 00 aa 00 30 91 09 08 00 45 00 
00 1c 09 1c 20 00 80 06 48 31 c0 a8 24 20 c0 a8 
24 1e 04 3e 00 17 65 53 95 87 00 00 00 00 00 00 
00 00 00 00 00 00 00 00 00 00 00 00 

00 aa 00 30 91 0d 00 04 75 8d 49 c7 08 00 45 10 
00 28 dc 7b 40 00 40 06 94 b5 c0 a8 24 1e c0 a8 
24 20 00 17 04 3e 38 98 97 d1 65 53 95 88 50 10 
16 d0 ff da 00 00 00 00 00 00 00 00 

00 04 75 8d 49 c7 00 aa 00 30 91 09 08 00 45 00 
00 1a 09 1d 00 02 80 06 68 30 c0 a8 24 20 c0 a8 
24 1e c8 f1 00 00 0d 0a 00 00 00 00 00 00 00 00 
00 00 00 00 00 00 00 00 00 00 00 00 

00 04 75 8d 49 c7 00 aa 00 30 91 09 08 00 45 00 
00 1c 09 1d 20 01 80 06 48 2f c0 a8 24 20 c0 a8 
24 1e 38 98 97 d1 50 18 40 a5 00 00 00 00 00 00 
00 00 00 00 00 00 00 00 00 00 00 00 

00 04 75 8d 49 c7 00 aa 00 30 91 09 08 00 45 00 
00 1c 09 1d 20 00 80 06 48 30 c0 a8 24 20 c0 a8 
24 1e 04 3e 00 17 65 53 95 88 00 00 00 00 00 00 
00 00 00 00 00 00 00 00 00 00 00 00 

00 aa 00 30 91 0d 00 04 75 8d 49 c7 08 00 45 10 
00 28 dc 7c 40 00 40 06 94 b4 c0 a8 24 1e c0 a8 
24 20 00 17 04 3e 38 98 97 d1 65 53 95 8a 50 10 
16 d0 ff d8 00 00 00 00 00 00 00 00 

00 aa 00 30 91 0d 00 04 75 8d 49 c7 08 00 45 10 
00 2a dc 7d 40 00 40 06 94 b1 c0 a8 24 1e c0 a8 
24 20 00 17 04 3e 38 98 97 d1 65 53 95 8a 50 18 
16 d0 f2 c4 00 00 0d 0a 24 24 24 24 

00 04 75 8d 49 c7 00 aa 00 30 91 09 08 00 45 00 
00 18 09 1e 00 02 80 06 68 31 c0 a8 24 20 c0 a8 
24 1e d6 03 00 00 00 00 00 00 00 00 00 00 00 00 
00 00 00 00 00 00 00 00 00 00 00 00 

00 04 75 8d 49 c7 00 aa 00 30 91 09 08 00 45 00 
00 1c 09 1e 20 01 80 06 48 2e c0 a8 24 20 c0 a8 
24 1e 38 98 97 d3 50 10 40 a3 00 00 00 00 00 00 
00 00 00 00 00 00 00 00 00 00 00 00 

00 04 75 8d 49 c7 00 aa 00 30 91 09 08 00 45 00 
00 1c 09 1e 20 00 80 06 48 2f c0 a8 24 20 c0 a8 
24 1e 04 3e 00 17 65 53 95 8a 00 00 00 00 00 00 
00 00 00 00 00 00 00 00 00 00 00 00 

00 aa 00 30 91 0d 00 04 75 8d 49 c7 08 00 45 10 
00 3b dc 7e 40 00 40 06 94 9f c0 a8 24 1e c0 a8 
24 20 00 17 04 3e 38 98 97 d3 65 53 95 8a 50 18 
16 d0 ad f7 00 00 0d 0a 4c 6f 67 69 6e 20 69 6e 
63 6f 72 72 65 63 74 0d 0a 

00 aa 00 30 91 0d 00 04 75 8d 49 c7 08 00 45 10 
00 28 dc 7f 40 00 40 06 94 b1 c0 a8 24 1e c0 a8 
24 20 00 17 04 3e 38 98 97 e6 65 53 95 8a 50 11 
16 d0 ff c2 00 00 00 00 00 00 00 00 

00 04 75 8d 49 c7 00 aa 00 30 91 09 08 00 45 00 
00 18 09 1f 00 02 80 06 68 30 c0 a8 24 20 c0 a8 
24 1e d6 02 00 00 00 00 00 00 00 00 00 00 00 00 
00 00 00 00 00 00 00 00 00 00 00 00 

00 04 75 8d 49 c7 00 aa 00 30 91 09 08 00 45 00 
00 1c 09 1f 20 01 80 06 48 2d c0 a8 24 20 c0 a8 
24 1e 38 98 97 e7 50 10 40 90 00 00 00 00 00 00 
00 00 00 00 00 00 00 00 00 00 00 00 

00 04 75 8d 49 c7 00 aa 00 30 91 09 08 00 45 00 
00 1c 09 1f 20 00 80 06 48 2e c0 a8 24 20 c0 a8 
24 1e 04 3e 00 17 65 53 95 8a 00 00 00 00 00 00 
00 00 00 00 00 00 00 00 00 00 00 00 

00 04 75 8d 49 c7 00 aa 00 30 91 09 08 00 45 00 
00 18 09 20 00 02 80 06 68 2f c0 a8 24 20 c0 a8 
24 1e d6 01 00 00 00 00 00 00 00 00 00 00 00 00 
00 00 00 00 00 00 00 00 00 00 00 00 

00 04 75 8d 49 c7 00 aa 00 30 91 09 08 00 45 00 
00 1c 09 20 20 01 80 06 48 2c c0 a8 24 20 c0 a8 
24 1e 38 98 97 e7 50 11 40 90 00 00 00 00 00 00 
00 00 00 00 00 00 00 00 00 00 00 00 

00 04 75 8d 49 c7 00 aa 00 30 91 09 08 00 45 00 
00 1c 09 20 20 00 80 06 48 2d c0 a8 24 20 c0 a8 
24 1e 04 3e 00 17 65 53 95 8a 00 00 00 00 00 00 
00 00 00 00 00 00 00 00 00 00 00 00 

00 aa 00 30 91 0d 00 04 75 8d 49 c7 08 00 45 00 
00 28 00 00 40 00 40 06 71 41 c0 a8 24 1e c0 a8 
24 20 00 17 04 3e 38 98 97 e7 65 53 95 8b 50 10 
16 d0 ff c1 00 00 00 00 00 00 00 00 
