00 04 75 8d 49 c7 00 aa 00 30 91 09 08 00 45 00 
00 1c 07 f3 20 00 80 06 49 5a c0 a8 24 20 c0 a8 
24 1e 04 3b 00 17 62 a4 ae 43 00 00 00 00 00 00 
00 00 00 00 00 00 00 00 00 00 00 00 

00 04 75 8d 49 c7 00 aa 00 30 91 09 08 00 45 00 
00 1c 07 f3 20 01 80 06 49 59 c0 a8 24 20 c0 a8 
24 1e 00 00 00 00 70 02 40 00 00 00 00 00 00 00 
00 00 00 00 00 00 00 00 00 00 00 00 

00 04 75 8d 49 c7 00 aa 00 30 91 09 08 00 45 00 
00 18 07 f3 00 03 80 06 69 5b c0 a8 24 20 c0 a8 
24 1e 01 01 04 02 00 00 00 00 00 00 00 00 00 00 
00 00 00 00 00 00 00 00 00 00 00 00 

00 04 75 8d 49 c7 00 aa 00 30 91 09 08 00 45 00 
00 1c 07 f3 20 02 80 06 49 58 c0 a8 24 20 c0 a8 
24 1e 64 56 00 00 02 04 05 b4 00 00 00 00 00 00 
00 00 00 00 00 00 00 00 00 00 00 00 

00 aa 00 30 91 0d 00 04 75 8d 49 c7 08 00 45 00 
00 30 00 00 40 00 40 06 71 39 c0 a8 24 1e c0 a8 
24 20 00 17 04 3b 2b e6 8f d0 62 a4 ae 44 70 12 
16 d0 d1 be 00 00 02 04 05 b4 01 01 04 02 

00 04 75 8d 49 c7 00 aa 00 30 91 09 08 00 45 00 
00 1c 07 f4 20 00 80 06 49 59 c0 a8 24 20 c0 a8 
24 1e 04 3b 00 17 62 a4 ae 44 00 00 00 00 00 00 
00 00 00 00 00 00 00 00 00 00 00 00 

00 04 75 8d 49 c7 00 aa 00 30 91 09 08 00 45 00 
00 18 07 f4 00 02 80 06 69 5b c0 a8 24 20 c0 a8 
24 1e d0 e2 00 00 00 00 00 00 00 00 00 00 00 00 
00 00 00 00 00 00 00 00 00 00 00 00 

00 04 75 8d 49 c7 00 aa 00 30 91 09 08 00 45 00 
00 1c 07 f4 20 01 80 06 49 58 c0 a8 24 20 c0 a8 
24 1e 2b e6 8f d1 50 10 44 70 00 00 00 00 00 00 
00 00 00 00 00 00 00 00 00 00 00 00 

00 aa 00 30 91 0d 00 04 75 8d 49 c7 08 00 45 10 
00 34 30 90 40 00 40 06 40 95 c0 a8 24 1e c0 a8 
24 20 00 17 04 3b 2b e6 8f d1 62 a4 ae 44 50 18 
16 d0 c7 2b 00 00 ff fd 18 ff fd 20 ff fd 23 ff 
fd 27 

00 04 75 8d 49 c7 00 aa 00 30 91 09 08 00 45 00 
00 1c 07 f5 20 00 80 06 49 58 c0 a8 24 20 c0 a8 
24 1e 04 3b 00 17 62 a4 ae 44 00 00 00 00 00 00 
00 00 00 00 00 00 00 00 00 00 00 00 

00 04 75 8d 49 c7 00 aa 00 30 91 09 08 00 45 00 
00 1c 07 f5 20 01 80 06 49 57 c0 a8 24 20 c0 a8 
24 1e 2b e6 8f dd 50 18 44 64 00 00 00 00 00 00 
00 00 00 00 00 00 00 00 00 00 00 00 

00 04 75 8d 49 c7 00 aa 00 30 91 09 08 00 45 00 
00 16 07 f5 00 03 80 06 69 5b c0 a8 24 20 c0 a8 
24 1e fb 1f 00 00 00 00 00 00 00 00 00 00 00 00 
00 00 00 00 00 00 00 00 00 00 00 00 

00 04 75 8d 49 c7 00 aa 00 30 91 09 08 00 45 00 
00 1c 07 f5 20 02 80 06 49 56 c0 a8 24 20 c0 a8 
24 1e bc b9 00 00 ff fb 18 ff 00 00 00 00 00 00 
00 00 00 00 00 00 00 00 00 00 00 00 

00 aa 00 30 91 0d 00 04 75 8d 49 c7 08 00 45 10 
00 28 30 91 40 00 40 06 40 a0 c0 a8 24 1e c0 a8 
24 20 00 17 04 3b 2b e6 8f dd 62 a4 ae 4a 50 10 
16 d0 fe 70 00 00 00 00 00 00 00 00 

00 aa 00 30 91 0d 00 04 75 8d 49 c7 08 00 45 10 
00 2b 30 92 40 00 40 06 40 9c c0 a8 24 1e c0 a8 
24 20 00 17 04 3b 2b e6 8f dd 62 a4 ae 4a 50 18 
16 d0 df 67 00 00 ff fd 1f 00 00 00 

00 04 75 8d 49 c7 00 aa 00 30 91 09 08 00 45 00 
00 1c 07 f6 20 00 80 06 49 57 c0 a8 24 20 c0 a8 
24 1e 04 3b 00 17 62 a4 ae 4a 00 00 00 00 00 00 
00 00 00 00 00 00 00 00 00 00 00 00 

00 04 75 8d 49 c7 00 aa 00 30 91 09 08 00 45 00 
00 1c 07 f6 20 01 80 06 49 56 c0 a8 24 20 c0 a8 
24 1e 2b e6 8f dd 50 18 44 64 00 00 00 00 00 00 
00 00 00 00 00 00 00 00 00 00 00 00 

00 04 75 8d 49 c7 00 aa 00 30 91 09 08 00 45 00 
00 19 07 f6 00 03 80 06 69 57 c0 a8 24 20 c0 a8 
24 1e fc 23 ff fc 27 00 00 00 00 00 00 00 00 00 
00 00 00 00 00 00 00 00 00 00 00 00 

00 04 75 8d 49 c7 00 aa 00 30 91 09 08 00 45 00 
00 1c 07 f6 20 02 80 06 49 55 c0 a8 24 20 c0 a8 
24 1e 8c ae 00 00 ff fc 20 ff 00 00 00 00 00 00 
00 00 00 00 00 00 00 00 00 00 00 00 

00 aa 00 30 91 0d 00 04 75 8d 49 c7 08 00 45 10 
00 28 30 93 40 00 40 06 40 9e c0 a8 24 1e c0 a8 
24 20 00 17 04 3b 2b e6 8f e0 62 a4 ae 53 50 10 
16 d0 fe 64 00 00 00 00 00 00 00 00 

00 04 75 8d 49 c7 00 aa 00 30 91 09 08 00 45 00 
00 1c 07 f7 20 00 80 06 49 56 c0 a8 24 20 c0 a8 
24 1e 04 3b 00 17 62 a4 ae 53 00 00 00 00 00 00 
00 00 00 00 00 00 00 00 00 00 00 00 

00 04 75 8d 49 c7 00 aa 00 30 91 09 08 00 45 00 
00 1c 07 f7 20 01 80 06 49 55 c0 a8 24 20 c0 a8 
24 1e 2b e6 8f e0 50 18 44 61 00 00 00 00 00 00 
00 00 00 00 00 00 00 00 00 00 00 00 

00 04 75 8d 49 c7 00 aa 00 30 91 09 08 00 45 00 
00 1c 07 f7 00 03 80 06 69 53 c0 a8 24 20 c0 a8 
24 1e fa 1f 00 50 00 19 ff f0 00 00 00 00 00 00 
00 00 00 00 00 00 00 00 00 00 00 00 

00 04 75 8d 49 c7 00 aa 00 30 91 09 08 00 45 00 
00 1c 07 f7 20 02 80 06 49 54 c0 a8 24 20 c0 a8 
24 1e b6 4a 00 00 ff fb 1f ff 00 00 00 00 00 00 
00 00 00 00 00 00 00 00 00 00 00 00 

00 aa 00 30 91 0d 00 04 75 8d 49 c7 08 00 45 10 
00 2e 30 94 40 00 40 06 40 97 c0 a8 24 1e c0 a8 
24 20 00 17 04 3b 2b e6 8f e0 62 a4 ae 5f 50 18 
16 d0 e6 5d 00 00 ff fa 18 01 ff f0 

00 04 75 8d 49 c7 00 aa 00 30 91 09 08 00 45 00 
00 1c 07 f8 20 00 80 06 49 55 c0 a8 24 20 c0 a8 
24 1e 04 3b 00 17 62 a4 ae 5f 00 00 00 00 00 00 
00 00 00 00 00 00 00 00 00 00 00 00 

00 04 75 8d 49 c7 00 aa 00 30 91 09 08 00 45 00 
00 1c 07 f8 20 01 80 06 49 54 c0 a8 24 20 c0 a8 
24 1e 2b e6 8f e6 50 18 44 5b 00 00 00 00 00 00 
00 00 00 00 00 00 00 00 00 00 00 00 

00 04 75 8d 49 c7 00 aa 00 30 91 09 08 00 45 00 
00 1a 07 f8 00 03 80 06 69 54 c0 a8 24 20 c0 a8 
24 1e 41 4e 53 49 ff f0 00 00 00 00 00 00 00 00 
00 00 00 00 00 00 00 00 00 00 00 00 

00 04 75 8d 49 c7 00 aa 00 30 91 09 08 00 45 00 
00 1c 07 f8 20 02 80 06 49 53 c0 a8 24 20 c0 a8 
24 1e 24 32 00 00 ff fa 18 00 00 00 00 00 00 00 
00 00 00 00 00 00 00 00 00 00 00 00 

00 aa 00 30 91 0d 00 04 75 8d 49 c7 08 00 45 10 
00 34 30 95 40 00 40 06 40 90 c0 a8 24 1e c0 a8 
24 20 00 17 04 3b 2b e6 8f e6 62 a4 ae 69 50 18 
16 d0 fa 1a 00 00 ff fb 03 ff fd 01 ff fb 05 ff 
fd 21 

00 04 75 8d 49 c7 00 aa 00 30 91 09 08 00 45 00 
00 1c 07 f9 20 00 80 06 49 54 c0 a8 24 20 c0 a8 
24 1e 04 3b 00 17 62 a4 ae 69 00 00 00 00 00 00 
00 00 00 00 00 00 00 00 00 00 00 00 

00 04 75 8d 49 c7 00 aa 00 30 91 09 08 00 45 00 
00 1b 07 f9 00 02 80 06 69 53 c0 a8 24 20 c0 a8 
24 1e cd b4 00 00 ff fd 03 00 00 00 00 00 00 00 
00 00 00 00 00 00 00 00 00 00 00 00 

00 04 75 8d 49 c7 00 aa 00 30 91 09 08 00 45 00 
00 1c 07 f9 20 01 80 06 49 53 c0 a8 24 20 c0 a8 
24 1e 2b e6 8f f2 50 18 44 4f 00 00 00 00 00 00 
00 00 00 00 00 00 00 00 00 00 00 00 

00 aa 00 30 91 0d 00 04 75 8d 49 c7 08 00 45 10 
00 28 30 96 40 00 40 06 40 9b c0 a8 24 1e c0 a8 
24 20 00 17 04 3b 2b e6 8f f2 62 a4 ae 6c 50 10 
16 d0 fe 39 00 00 00 00 00 00 00 00 

00 04 75 8d 49 c7 00 aa 00 30 91 09 08 00 45 00 
00 1c 07 fa 20 00 80 06 49 53 c0 a8 24 20 c0 a8 
24 1e 04 3b 00 17 62 a4 ae 6c 00 00 00 00 00 00 
00 00 00 00 00 00 00 00 00 00 00 00 

00 04 75 8d 49 c7 00 aa 00 30 91 09 08 00 45 00 
00 1c 07 fa 20 01 80 06 49 52 c0 a8 24 20 c0 a8 
24 1e 2b e6 8f f2 50 18 44 4f 00 00 00 00 00 00 
00 00 00 00 00 00 00 00 00 00 00 00 

00 04 75 8d 49 c7 00 aa 00 30 91 09 08 00 45 00 
00 19 07 fa 00 03 80 06 69 53 c0 a8 24 20 c0 a8 
24 1e fe 05 ff fc 21 00 00 00 00 00 00 00 00 00 
00 00 00 00 00 00 00 00 00 00 00 00 

00 04 75 8d 49 c7 00 aa 00 30 91 09 08 00 45 00 
00 1c 07 fa 20 02 80 06 49 51 c0 a8 24 20 c0 a8 
24 1e af ab 00 00 ff fb 01 ff 00 00 00 00 00 00 
00 00 00 00 00 00 00 00 00 00 00 00 

00 aa 00 30 91 0d 00 04 75 8d 49 c7 08 00 45 10 
00 28 30 97 40 00 40 06 40 9a c0 a8 24 1e c0 a8 
24 20 00 17 04 3b 2b e6 8f f2 62 a4 ae 75 50 10 
16 d0 fe 30 00 00 00 00 00 00 00 00 

00 aa 00 30 91 0d 00 04 75 8d 49 c7 08 00 45 10 
03 1b 30 98 40 00 40 06 3d a6 c0 a8 24 1e c0 a8 
24 20 00 17 04 3b 2b e6 8f f2 62 a4 ae 75 50 18 
16 d0 b6 fd 00 00 ff fe 01 ff fb 01 2a 2a 2a 2a 
57 65 6c 63 6f 6d 65 20 74 6f 20 74 68 65 20 4e 
65 74 77 6f 72 6b 20 53 65 63 75 72 69 74 79 20 
74 65 6c 6e 65 74 20 73 65 72 76 65 72 2a 2a 2a 
2a 0d 0a 54 68 69 73 20 63 6f 6d 70 75 74 65 72 
20 73 79 73 74 65 6d 20 69 6e 63 6c 75 64 69 6e 
67 20 61 6c 6c 20 72 65 6c 61 74 65 64 20 65 71 
75 69 70 6d 65 6e 74 2c 20 6e 65 74 77 6f 72 6b 
73 2c 20 61 6e 64 0d 0a 6e 65 74 77 6f 72 6b 20 
64 65 76 69 63 65 73 2c 20 61 72 65 20 70 72 6f 
76 69 64 65 64 20 6f 6e 6c 79 20 66 6f 72 20 61 
75 74 68 6f 72 69 7a 65 64 20 75 73 65 2e 20 20 
54 68 69 73 20 63 6f 6d 70 75 74 65 72 0d 0a 73 
79 73 74 65 6d 20 6d 61 79 20 62 65 20 6d 6f 6e 
69 74 6f 72 65 64 20 66 6f 72 20 61 6c 6c 20 6c 
61 77 66 75 6c 20 70 75 72 70 6f 73 65 73 2c 20 
69 6e 63 6c 75 64 69 6e 67 20 74 6f 20 65 6e 73 
75 72 65 20 74 68 61 74 0d 0a 75 73 65 20 69 73 
20 61 75 74 68 6f 72 69 7a 65 64 2c 20 66 6f 72 
20 6d 61 6e 61 67 65 6d 65 6e 74 20 6f 66 20 74 
68 65 20 73 79 73 74 65 6d 2c 20 74 6f 20 66 61 
63 69 6c 69 74 61 74 65 20 70 72 6f 74 65 63 74 
69 6f 6e 0d 0a 61 67 61 69 6e 73 74 20 75 6e 61 
75 74 68 6f 72 69 7a 65 64 20 61 63 63 65 73 73 
2c 20 61 6e 64 20 74 6f 20 76 65 72 69 66 79 20 
73 65 63 75 72 69 74 79 20 70 72 6f 63 65 64 75 
72 65 73 2c 20 0d 0a 73 75 72 76 69 76 61 62 69 
6c 69 74 79 20 61 6e 64 20 6f 70 65 72 61 74 69 
6f 6e 61 6c 20 73 65 63 75 72 69 74 79 2e 20 20 
44 75 72 69 6e 67 20 6d 6f 6e 69 74 6f 72 69 6e 
67 20 69 6e 66 6f 72 6d 61 74 69 6f 6e 20 6d 61 
79 0d 0a 62 65 20 65 78 61 6d 69 6e 65 64 2c 20 
72 65 63 6f 72 64 65 64 2c 20 63 6f 70 69 65 64 
20 61 6e 64 20 75 73 65 64 20 66 6f 72 20 61 75 
74 68 6f 72 69 7a 65 64 20 70 75 72 70 6f 73 65 
73 2e 20 20 41 6c 6c 20 0d 0a 69 6e 66 6f 72 6d 
61 74 69 6f 6e 2c 20 69 6e 63 6c 75 64 69 6e 67 
20 70 65 72 73 6f 6e 61 6c 20 69 6e 66 6f 72 6d 
61 74 69 6f 6e 20 70 6c 61 63 65 64 20 6f 6e 20 
6f 72 20 73 65 6e 74 20 6f 76 65 72 20 74 68 69 
73 0d 0a 73 79 73 74 65 6d 20 6d 61 79 20 62 65 
20 6d 6f 6e 69 74 6f 72 65 64 2e 20 20 55 6e 61 
75 74 68 6f 72 69 7a 65 64 20 75 73 65 20 6d 61 
79 20 73 75 62 6a 65 63 74 20 79 6f 75 20 74 6f 
20 63 72 69 6d 69 6e 61 6c 20 0d 0a 70 72 6f 73 
65 63 75 74 69 6f 6e 2e 0d 0a 0d 0a 54 68 61 6e 
6b 20 79 6f 75 2c 20 68 61 76 65 20 61 20 6e 69 
63 65 20 44 61 79 2e 0d 0a 

00 04 75 8d 49 c7 00 aa 00 30 91 09 08 00 45 00 
00 1c 07 fb 20 00 80 06 49 52 c0 a8 24 20 c0 a8 
24 1e 04 3b 00 17 62 a4 ae 75 00 00 00 00 00 00 
00 00 00 00 00 00 00 00 00 00 00 00 

00 04 75 8d 49 c7 00 aa 00 30 91 09 08 00 45 00 
00 1b 07 fb 00 02 80 06 69 51 c0 a8 24 20 c0 a8 
24 1e cf a9 00 00 ff fc 01 00 00 00 00 00 00 00 
00 00 00 00 00 00 00 00 00 00 00 00 

00 04 75 8d 49 c7 00 aa 00 30 91 09 08 00 45 00 
00 1c 07 fb 20 01 80 06 49 51 c0 a8 24 20 c0 a8 
24 1e 2b e6 92 e5 50 18 41 5c 00 00 00 00 00 00 
00 00 00 00 00 00 00 00 00 00 00 00 

00 aa 00 30 91 0d 00 04 75 8d 49 c7 08 00 45 10 
00 2f 30 99 40 00 40 06 40 91 c0 a8 24 1e c0 a8 
24 20 00 17 04 3b 2b e6 92 e5 62 a4 ae 78 50 18 
16 d0 99 18 00 00 6c 6f 67 69 6e 3a 20 

00 04 75 8d 49 c7 00 aa 00 30 91 09 08 00 45 00 
00 1c 07 fc 20 00 80 06 49 51 c0 a8 24 20 c0 a8 
24 1e 04 3b 00 17 62 a4 ae 78 00 00 00 00 00 00 
00 00 00 00 00 00 00 00 00 00 00 00 

00 04 75 8d 49 c7 00 aa 00 30 91 09 08 00 45 00 
00 1b 07 fc 00 02 80 06 69 50 c0 a8 24 20 c0 a8 
24 1e cf a5 00 00 ff fd 01 00 00 00 00 00 00 00 
00 00 00 00 00 00 00 00 00 00 00 00 

00 04 75 8d 49 c7 00 aa 00 30 91 09 08 00 45 00 
00 1c 07 fc 20 01 80 06 49 50 c0 a8 24 20 c0 a8 
24 1e 2b e6 92 ec 50 18 41 55 00 00 00 00 00 00 
00 00 00 00 00 00 00 00 00 00 00 00 

00 aa 00 30 91 0d 00 04 75 8d 49 c7 08 00 45 10 
00 28 30 9a 40 00 40 06 40 97 c0 a8 24 1e c0 a8 
24 20 00 17 04 3b 2b e6 92 ec 62 a4 ae 7b 50 10 
16 d0 fb 30 00 00 00 00 00 00 00 00 

00 04 75 8d 49 c7 00 aa 00 30 91 09 08 00 45 00 
00 1c 07 fd 20 00 80 06 49 50 c0 a8 24 20 c0 a8 
24 1e 04 3b 00 17 62 a4 ae 7b 00 00 00 00 00 00 
00 00 00 00 00 00 00 00 00 00 00 00 

00 04 75 8d 49 c7 00 aa 00 30 91 09 08 00 45 00 
00 19 07 fd 00 02 80 06 69 51 c0 a8 24 20 c0 a8 
24 1e 64 a2 00 00 6c 00 00 00 00 00 00 00 00 00 
00 00 00 00 00 00 00 00 00 00 00 00 

00 04 75 8d 49 c7 00 aa 00 30 91 09 08 00 45 00 
00 1c 07 fd 20 01 80 06 49 4f c0 a8 24 20 c0 a8 
24 1e 2b e6 92 ec 50 18 41 55 00 00 00 00 00 00 
00 00 00 00 00 00 00 00 00 00 00 00 

00 aa 00 30 91 0d 00 04 75 8d 49 c7 08 00 45 10 
00 28 30 9b 40 00 40 06 40 96 c0 a8 24 1e c0 a8 
24 20 00 17 04 3b 2b e6 92 ec 62 a4 ae 7c 50 10 
16 d0 fb 2f 00 00 00 00 00 00 00 00 

00 aa 00 30 91 0d 00 04 75 8d 49 c7 08 00 45 10 
00 29 30 9c 40 00 40 06 40 94 c0 a8 24 1e c0 a8 
24 20 00 17 04 3b 2b e6 92 ec 62 a4 ae 7c 50 18 
16 d0 8f 26 00 00 6c 00 00 00 00 00 

00 04 75 8d 49 c7 00 aa 00 30 91 09 08 00 45 00 
00 1c 07 fe 20 00 80 06 49 4f c0 a8 24 20 c0 a8 
24 1e 04 3b 00 17 62 a4 ae 7c 00 00 00 00 00 00 
00 00 00 00 00 00 00 00 00 00 00 00 

00 04 75 8d 49 c7 00 aa 00 30 91 09 08 00 45 00 
00 19 07 fe 00 02 80 06 69 50 c0 a8 24 20 c0 a8 
24 1e 61 a1 00 00 6f 00 00 00 00 00 00 00 00 00 
00 00 00 00 00 00 00 00 00 00 00 00 

00 04 75 8d 49 c7 00 aa 00 30 91 09 08 00 45 00 
00 1c 07 fe 20 01 80 06 49 4e c0 a8 24 20 c0 a8 
24 1e 2b e6 92 ed 50 18 41 54 00 00 00 00 00 00 
00 00 00 00 00 00 00 00 00 00 00 00 

00 aa 00 30 91 0d 00 04 75 8d 49 c7 08 00 45 10 
00 29 30 9d 40 00 40 06 40 93 c0 a8 24 1e c0 a8 
24 20 00 17 04 3b 2b e6 92 ed 62 a4 ae 7d 50 18 
16 d0 8c 24 00 00 6f 00 00 00 00 00 

00 04 75 8d 49 c7 00 aa 00 30 91 09 08 00 45 00 
00 1c 07 ff 20 00 80 06 49 4e c0 a8 24 20 c0 a8 
24 1e 04 3b 00 17 62 a4 ae 7d 00 00 00 00 00 00 
00 00 00 00 00 00 00 00 00 00 00 00 

00 04 75 8d 49 c7 00 aa 00 30 91 09 08 00 45 00 
00 18 07 ff 00 02 80 06 69 50 c0 a8 24 20 c0 a8 
24 1e d0 a9 00 00 00 00 00 00 00 00 00 00 00 00 
00 00 00 00 00 00 00 00 00 00 00 00 

00 04 75 8d 49 c7 00 aa 00 30 91 09 08 00 45 00 
00 1c 07 ff 20 01 80 06 49 4d c0 a8 24 20 c0 a8 
24 1e 2b e6 92 ee 50 10 41 53 00 00 00 00 00 00 
00 00 00 00 00 00 00 00 00 00 00 00 

00 04 75 8d 49 c7 00 aa 00 30 91 09 08 00 45 00 
00 1c 08 00 20 00 80 06 49 4d c0 a8 24 20 c0 a8 
24 1e 04 3b 00 17 62 a4 ae 7d 00 00 00 00 00 00 
00 00 00 00 00 00 00 00 00 00 00 00 

00 04 75 8d 49 c7 00 aa 00 30 91 09 08 00 45 00 
00 19 08 00 00 02 80 06 69 4e c0 a8 24 20 c0 a8 
24 1e 69 a0 00 00 67 00 00 00 00 00 00 00 00 00 
00 00 00 00 00 00 00 00 00 00 00 00 

00 04 75 8d 49 c7 00 aa 00 30 91 09 08 00 45 00 
00 1c 08 00 20 01 80 06 49 4c c0 a8 24 20 c0 a8 
24 1e 2b e6 92 ee 50 18 41 53 00 00 00 00 00 00 
00 00 00 00 00 00 00 00 00 00 00 00 

00 aa 00 30 91 0d 00 04 75 8d 49 c7 08 00 45 10 
00 29 30 9e 40 00 40 06 40 92 c0 a8 24 1e c0 a8 
24 20 00 17 04 3b 2b e6 92 ee 62 a4 ae 7e 50 18 
16 d0 94 22 00 00 67 00 00 00 00 00 

00 04 75 8d 49 c7 00 aa 00 30 91 09 08 00 45 00 
00 1c 08 01 20 00 80 06 49 4c c0 a8 24 20 c0 a8 
24 1e 04 3b 00 17 62 a4 ae 7e 00 00 00 00 00 00 
00 00 00 00 00 00 00 00 00 00 00 00 

00 04 75 8d 49 c7 00 aa 00 30 91 09 08 00 45 00 
00 19 08 01 00 02 80 06 69 4d c0 a8 24 20 c0 a8 
24 1e 67 9f 00 00 69 00 00 00 00 00 00 00 00 00 
00 00 00 00 00 00 00 00 00 00 00 00 

00 04 75 8d 49 c7 00 aa 00 30 91 09 08 00 45 00 
00 1c 08 01 20 01 80 06 49 4b c0 a8 24 20 c0 a8 
24 1e 2b e6 92 ef 50 18 41 52 00 00 00 00 00 00 
00 00 00 00 00 00 00 00 00 00 00 00 

00 aa 00 30 91 0d 00 04 75 8d 49 c7 08 00 45 10 
00 29 30 9f 40 00 40 06 40 91 c0 a8 24 1e c0 a8 
24 20 00 17 04 3b 2b e6 92 ef 62 a4 ae 7f 50 18 
16 d0 92 20 00 00 69 00 00 00 00 00 

00 04 75 8d 49 c7 00 aa 00 30 91 09 08 00 45 00 
00 1c 08 02 20 00 80 06 49 4b c0 a8 24 20 c0 a8 
24 1e 04 3b 00 17 62 a4 ae 7f 00 00 00 00 00 00 
00 00 00 00 00 00 00 00 00 00 00 00 

00 04 75 8d 49 c7 00 aa 00 30 91 09 08 00 45 00 
00 18 08 02 00 02 80 06 69 4d c0 a8 24 20 c0 a8 
24 1e d0 a7 00 00 00 00 00 00 00 00 00 00 00 00 
00 00 00 00 00 00 00 00 00 00 00 00 

00 04 75 8d 49 c7 00 aa 00 30 91 09 08 00 45 00 
00 1c 08 02 20 01 80 06 49 4a c0 a8 24 20 c0 a8 
24 1e 2b e6 92 f0 50 10 41 51 00 00 00 00 00 00 
00 00 00 00 00 00 00 00 00 00 00 00 

00 04 75 8d 49 c7 00 aa 00 30 91 09 08 00 45 00 
00 1c 08 03 20 00 80 06 49 4a c0 a8 24 20 c0 a8 
24 1e 04 3b 00 17 62 a4 ae 7f 00 00 00 00 00 00 
00 00 00 00 00 00 00 00 00 00 00 00 

00 04 75 8d 49 c7 00 aa 00 30 91 09 08 00 45 00 
00 19 08 03 00 02 80 06 69 4b c0 a8 24 20 c0 a8 
24 1e 62 9e 00 00 6e 00 00 00 00 00 00 00 00 00 
00 00 00 00 00 00 00 00 00 00 00 00 

00 04 75 8d 49 c7 00 aa 00 30 91 09 08 00 45 00 
00 1c 08 03 20 01 80 06 49 49 c0 a8 24 20 c0 a8 
24 1e 2b e6 92 f0 50 18 41 51 00 00 00 00 00 00 
00 00 00 00 00 00 00 00 00 00 00 00 

00 aa 00 30 91 0d 00 04 75 8d 49 c7 08 00 45 10 
00 29 30 a0 40 00 40 06 40 90 c0 a8 24 1e c0 a8 
24 20 00 17 04 3b 2b e6 92 f0 62 a4 ae 80 50 18 
16 d0 8d 1e 00 00 6e 00 00 00 00 00 

00 04 75 8d 49 c7 00 aa 00 30 91 09 08 00 45 00 
00 1c 08 04 20 00 80 06 49 49 c0 a8 24 20 c0 a8 
24 1e 04 3b 00 17 62 a4 ae 80 00 00 00 00 00 00 
00 00 00 00 00 00 00 00 00 00 00 00 

00 04 75 8d 49 c7 00 aa 00 30 91 09 08 00 45 00 
00 18 08 04 00 02 80 06 69 4b c0 a8 24 20 c0 a8 
24 1e d0 a6 00 00 00 00 00 00 00 00 00 00 00 00 
00 00 00 00 00 00 00 00 00 00 00 00 

00 04 75 8d 49 c7 00 aa 00 30 91 09 08 00 45 00 
00 1c 08 04 20 01 80 06 49 48 c0 a8 24 20 c0 a8 
24 1e 2b e6 92 f1 50 10 41 50 00 00 00 00 00 00 
00 00 00 00 00 00 00 00 00 00 00 00 

00 04 75 8d 49 c7 00 aa 00 30 91 09 08 00 45 00 
00 1c 08 05 20 00 80 06 49 48 c0 a8 24 20 c0 a8 
24 1e 04 3b 00 17 62 a4 ae 80 00 00 00 00 00 00 
00 00 00 00 00 00 00 00 00 00 00 00 

00 04 75 8d 49 c7 00 aa 00 30 91 09 08 00 45 00 
00 1a 08 05 00 02 80 06 69 48 c0 a8 24 20 c0 a8 
24 1e c3 92 00 00 0d 0a 00 00 00 00 00 00 00 00 
00 00 00 00 00 00 00 00 00 00 00 00 

00 04 75 8d 49 c7 00 aa 00 30 91 09 08 00 45 00 
00 1c 08 05 20 01 80 06 49 47 c0 a8 24 20 c0 a8 
24 1e 2b e6 92 f1 50 18 41 50 00 00 00 00 00 00 
00 00 00 00 00 00 00 00 00 00 00 00 

00 aa 00 30 91 0d 00 04 75 8d 49 c7 08 00 45 10 
00 2a 30 a1 40 00 40 06 40 8e c0 a8 24 1e c0 a8 
24 20 00 17 04 3b 2b e6 92 f1 62 a4 ae 82 50 18 
16 d0 ee 10 00 00 0d 0a 8f 8f 8f 8f 

00 04 75 8d 49 c7 00 aa 00 30 91 09 08 00 45 00 
00 1c 08 06 20 00 80 06 49 47 c0 a8 24 20 c0 a8 
24 1e 04 3b 00 17 62 a4 ae 82 00 00 00 00 00 00 
00 00 00 00 00 00 00 00 00 00 00 00 

00 04 75 8d 49 c7 00 aa 00 30 91 09 08 00 45 00 
00 18 08 06 00 02 80 06 69 49 c0 a8 24 20 c0 a8 
24 1e d0 a4 00 00 00 00 00 00 00 00 00 00 00 00 
00 00 00 00 00 00 00 00 00 00 00 00 

00 04 75 8d 49 c7 00 aa 00 30 91 09 08 00 45 00 
00 1c 08 06 20 01 80 06 49 46 c0 a8 24 20 c0 a8 
24 1e 2b e6 92 f3 50 10 41 4e 00 00 00 00 00 00 
00 00 00 00 00 00 00 00 00 00 00 00 

00 aa 00 30 91 0d 00 04 75 8d 49 c7 08 00 45 10 
00 32 30 a2 40 00 40 06 40 85 c0 a8 24 1e c0 a8 
24 20 00 17 04 3b 2b e6 92 f3 62 a4 ae 82 50 18 
16 d0 13 48 00 00 50 61 73 73 77 6f 72 64 3a 20 


00 04 75 8d 49 c7 00 aa 00 30 91 09 08 00 45 00 
00 1c 08 07 20 00 80 06 49 46 c0 a8 24 20 c0 a8 
24 1e 04 3b 00 17 62 a4 ae 82 00 00 00 00 00 00 
00 00 00 00 00 00 00 00 00 00 00 00 

00 04 75 8d 49 c7 00 aa 00 30 91 09 08 00 45 00 
00 19 08 07 00 02 80 06 69 47 c0 a8 24 20 c0 a8 
24 1e 60 9b 00 00 70 00 00 00 00 00 00 00 00 00 
00 00 00 00 00 00 00 00 00 00 00 00 

00 04 75 8d 49 c7 00 aa 00 30 91 09 08 00 45 00 
00 1c 08 07 20 01 80 06 49 45 c0 a8 24 20 c0 a8 
24 1e 2b e6 92 fd 50 18 41 44 00 00 00 00 00 00 
00 00 00 00 00 00 00 00 00 00 00 00 

00 aa 00 30 91 0d 00 04 75 8d 49 c7 08 00 45 10 
00 28 30 a3 40 00 40 06 40 8e c0 a8 24 1e c0 a8 
24 20 00 17 04 3b 2b e6 92 fd 62 a4 ae 83 50 10 
16 d0 fb 17 00 00 00 00 00 00 00 00 

00 04 75 8d 49 c7 00 aa 00 30 91 09 08 00 45 00 
00 1c 08 08 20 00 80 06 49 45 c0 a8 24 20 c0 a8 
24 1e 04 3b 00 17 62 a4 ae 83 00 00 00 00 00 00 
00 00 00 00 00 00 00 00 00 00 00 00 

00 04 75 8d 49 c7 00 aa 00 30 91 09 08 00 45 00 
00 19 08 08 00 02 80 06 69 46 c0 a8 24 20 c0 a8 
24 1e 6f 9a 00 00 61 00 00 00 00 00 00 00 00 00 
00 00 00 00 00 00 00 00 00 00 00 00 

00 04 75 8d 49 c7 00 aa 00 30 91 09 08 00 45 00 
00 1c 08 08 20 01 80 06 49 44 c0 a8 24 20 c0 a8 
24 1e 2b e6 92 fd 50 18 41 44 00 00 00 00 00 00 
00 00 00 00 00 00 00 00 00 00 00 00 

00 aa 00 30 91 0d 00 04 75 8d 49 c7 08 00 45 10 
00 28 30 a4 40 00 40 06 40 8d c0 a8 24 1e c0 a8 
24 20 00 17 04 3b 2b e6 92 fd 62 a4 ae 84 50 10 
16 d0 fb 16 00 00 00 00 00 00 00 00 

00 04 75 8d 49 c7 00 aa 00 30 91 09 08 00 45 00 
00 1c 08 09 20 00 80 06 49 44 c0 a8 24 20 c0 a8 
24 1e 04 3b 00 17 62 a4 ae 84 00 00 00 00 00 00 
00 00 00 00 00 00 00 00 00 00 00 00 

00 04 75 8d 49 c7 00 aa 00 30 91 09 08 00 45 00 
00 19 08 09 00 02 80 06 69 45 c0 a8 24 20 c0 a8 
24 1e 5d 99 00 00 73 00 00 00 00 00 00 00 00 00 
00 00 00 00 00 00 00 00 00 00 00 00 

00 04 75 8d 49 c7 00 aa 00 30 91 09 08 00 45 00 
00 1c 08 09 20 01 80 06 49 43 c0 a8 24 20 c0 a8 
24 1e 2b e6 92 fd 50 18 41 44 00 00 00 00 00 00 
00 00 00 00 00 00 00 00 00 00 00 00 

00 aa 00 30 91 0d 00 04 75 8d 49 c7 08 00 45 10 
00 28 30 a5 40 00 40 06 40 8c c0 a8 24 1e c0 a8 
24 20 00 17 04 3b 2b e6 92 fd 62 a4 ae 85 50 10 
16 d0 fb 15 00 00 00 00 00 00 00 00 

00 04 75 8d 49 c7 00 aa 00 30 91 09 08 00 45 00 
00 1c 08 0a 20 00 80 06 49 43 c0 a8 24 20 c0 a8 
24 1e 04 3b 00 17 62 a4 ae 85 00 00 00 00 00 00 
00 00 00 00 00 00 00 00 00 00 00 00 

00 04 75 8d 49 c7 00 aa 00 30 91 09 08 00 45 00 
00 19 08 0a 00 02 80 06 69 44 c0 a8 24 20 c0 a8 
24 1e 5d 98 00 00 73 00 00 00 00 00 00 00 00 00 
00 00 00 00 00 00 00 00 00 00 00 00 

00 04 75 8d 49 c7 00 aa 00 30 91 09 08 00 45 00 
00 1c 08 0a 20 01 80 06 49 42 c0 a8 24 20 c0 a8 
24 1e 2b e6 92 fd 50 18 41 44 00 00 00 00 00 00 
00 00 00 00 00 00 00 00 00 00 00 00 

00 aa 00 30 91 0d 00 04 75 8d 49 c7 08 00 45 10 
00 28 30 a6 40 00 40 06 40 8b c0 a8 24 1e c0 a8 
24 20 00 17 04 3b 2b e6 92 fd 62 a4 ae 86 50 10 
16 d0 fb 14 00 00 00 00 00 00 00 00 

00 04 75 8d 49 c7 00 aa 00 30 91 09 08 00 45 00 
00 1c 08 0b 20 00 80 06 49 42 c0 a8 24 20 c0 a8 
24 1e 04 3b 00 17 62 a4 ae 86 00 00 00 00 00 00 
00 00 00 00 00 00 00 00 00 00 00 00 

00 04 75 8d 49 c7 00 aa 00 30 91 09 08 00 45 00 
00 19 08 0b 00 02 80 06 69 43 c0 a8 24 20 c0 a8 
24 1e 59 97 00 00 77 00 00 00 00 00 00 00 00 00 
00 00 00 00 00 00 00 00 00 00 00 00 

00 04 75 8d 49 c7 00 aa 00 30 91 09 08 00 45 00 
00 1c 08 0b 20 01 80 06 49 41 c0 a8 24 20 c0 a8 
24 1e 2b e6 92 fd 50 18 41 44 00 00 00 00 00 00 
00 00 00 00 00 00 00 00 00 00 00 00 

00 aa 00 30 91 0d 00 04 75 8d 49 c7 08 00 45 10 
00 28 30 a7 40 00 40 06 40 8a c0 a8 24 1e c0 a8 
24 20 00 17 04 3b 2b e6 92 fd 62 a4 ae 87 50 10 
16 d0 fb 13 00 00 00 00 00 00 00 00 

00 04 75 8d 49 c7 00 aa 00 30 91 09 08 00 45 00 
00 1c 08 0c 20 00 80 06 49 41 c0 a8 24 20 c0 a8 
24 1e 04 3b 00 17 62 a4 ae 87 00 00 00 00 00 00 
00 00 00 00 00 00 00 00 00 00 00 00 

00 04 75 8d 49 c7 00 aa 00 30 91 09 08 00 45 00 
00 19 08 0c 00 02 80 06 69 42 c0 a8 24 20 c0 a8 
24 1e 61 96 00 00 6f 00 00 00 00 00 00 00 00 00 
00 00 00 00 00 00 00 00 00 00 00 00 

00 04 75 8d 49 c7 00 aa 00 30 91 09 08 00 45 00 
00 1c 08 0c 20 01 80 06 49 40 c0 a8 24 20 c0 a8 
24 1e 2b e6 92 fd 50 18 41 44 00 00 00 00 00 00 
00 00 00 00 00 00 00 00 00 00 00 00 

00 aa 00 30 91 0d 00 04 75 8d 49 c7 08 00 45 10 
00 28 30 a8 40 00 40 06 40 89 c0 a8 24 1e c0 a8 
24 20 00 17 04 3b 2b e6 92 fd 62 a4 ae 88 50 10 
16 d0 fb 12 00 00 00 00 00 00 00 00 

00 04 75 8d 49 c7 00 aa 00 30 91 09 08 00 45 00 
00 1c 08 0d 20 00 80 06 49 40 c0 a8 24 20 c0 a8 
24 1e 04 3b 00 17 62 a4 ae 88 00 00 00 00 00 00 
00 00 00 00 00 00 00 00 00 00 00 00 

00 04 75 8d 49 c7 00 aa 00 30 91 09 08 00 45 00 
00 19 08 0d 00 02 80 06 69 41 c0 a8 24 20 c0 a8 
24 1e 5e 95 00 00 72 00 00 00 00 00 00 00 00 00 
00 00 00 00 00 00 00 00 00 00 00 00 

00 04 75 8d 49 c7 00 aa 00 30 91 09 08 00 45 00 
00 1c 08 0d 20 01 80 06 49 3f c0 a8 24 20 c0 a8 
24 1e 2b e6 92 fd 50 18 41 44 00 00 00 00 00 00 
00 00 00 00 00 00 00 00 00 00 00 00 

00 aa 00 30 91 0d 00 04 75 8d 49 c7 08 00 45 10 
00 28 30 a9 40 00 40 06 40 88 c0 a8 24 1e c0 a8 
24 20 00 17 04 3b 2b e6 92 fd 62 a4 ae 89 50 10 
16 d0 fb 11 00 00 00 00 00 00 00 00 

00 04 75 8d 49 c7 00 aa 00 30 91 09 08 00 45 00 
00 1c 08 0e 20 00 80 06 49 3f c0 a8 24 20 c0 a8 
24 1e 04 3b 00 17 62 a4 ae 89 00 00 00 00 00 00 
00 00 00 00 00 00 00 00 00 00 00 00 

00 04 75 8d 49 c7 00 aa 00 30 91 09 08 00 45 00 
00 19 08 0e 00 02 80 06 69 40 c0 a8 24 20 c0 a8 
24 1e 6c 94 00 00 64 00 00 00 00 00 00 00 00 00 
00 00 00 00 00 00 00 00 00 00 00 00 

00 04 75 8d 49 c7 00 aa 00 30 91 09 08 00 45 00 
00 1c 08 0e 20 01 80 06 49 3e c0 a8 24 20 c0 a8 
24 1e 2b e6 92 fd 50 18 41 44 00 00 00 00 00 00 
00 00 00 00 00 00 00 00 00 00 00 00 

00 aa 00 30 91 0d 00 04 75 8d 49 c7 08 00 45 10 
00 28 30 aa 40 00 40 06 40 87 c0 a8 24 1e c0 a8 
24 20 00 17 04 3b 2b e6 92 fd 62 a4 ae 8a 50 10 
16 d0 fb 10 00 00 00 00 00 00 00 00 

00 04 75 8d 49 c7 00 aa 00 30 91 09 08 00 45 00 
00 1c 08 0f 20 00 80 06 49 3e c0 a8 24 20 c0 a8 
24 1e 04 3b 00 17 62 a4 ae 8a 00 00 00 00 00 00 
00 00 00 00 00 00 00 00 00 00 00 00 

00 04 75 8d 49 c7 00 aa 00 30 91 09 08 00 45 00 
00 1a 08 0f 00 02 80 06 69 3e c0 a8 24 20 c0 a8 
24 1e c3 88 00 00 0d 0a 00 00 00 00 00 00 00 00 
00 00 00 00 00 00 00 00 00 00 00 00 

00 04 75 8d 49 c7 00 aa 00 30 91 09 08 00 45 00 
00 1c 08 0f 20 01 80 06 49 3d c0 a8 24 20 c0 a8 
24 1e 2b e6 92 fd 50 18 41 44 00 00 00 00 00 00 
00 00 00 00 00 00 00 00 00 00 00 00 

00 aa 00 30 91 0d 00 04 75 8d 49 c7 08 00 45 10 
00 28 30 ab 40 00 40 06 40 86 c0 a8 24 1e c0 a8 
24 20 00 17 04 3b 2b e6 92 fd 62 a4 ae 8c 50 10 
16 d0 fb 0e 00 00 00 00 00 00 00 00 

00 aa 00 30 91 0d 00 04 75 8d 49 c7 08 00 45 10 
00 2a 30 ac 40 00 40 06 40 83 c0 a8 24 1e c0 a8 
24 20 00 17 04 3b 2b e6 92 fd 62 a4 ae 8c 50 18 
16 d0 ed fa 00 00 0d 0a 57 57 57 57 

00 04 75 8d 49 c7 00 aa 00 30 91 09 08 00 45 00 
00 1c 08 10 20 00 80 06 49 3d c0 a8 24 20 c0 a8 
24 1e 04 3b 00 17 62 a4 ae 8c 00 00 00 00 00 00 
00 00 00 00 00 00 00 00 00 00 00 00 

00 04 75 8d 49 c7 00 aa 00 30 91 09 08 00 45 00 
00 18 08 10 00 02 80 06 69 3f c0 a8 24 20 c0 a8 
24 1e d0 9a 00 00 00 00 00 00 00 00 00 00 00 00 
00 00 00 00 00 00 00 00 00 00 00 00 

00 04 75 8d 49 c7 00 aa 00 30 91 09 08 00 45 00 
00 1c 08 10 20 01 80 06 49 3c c0 a8 24 20 c0 a8 
24 1e 2b e6 92 ff 50 10 41 42 00 00 00 00 00 00 
00 00 00 00 00 00 00 00 00 00 00 00 

00 aa 00 30 91 0d 00 04 75 8d 49 c7 08 00 45 10 
00 42 30 ad 40 00 40 06 40 6a c0 a8 24 1e c0 a8 
24 20 00 17 04 3b 2b e6 92 ff 62 a4 ae 8c 50 18 
16 d0 98 c1 00 00 4c 6f 67 69 6e 20 69 6e 63 6f 
72 72 65 63 74 0d 0a 0d 0a 6c 6f 67 69 6e 3a 20 


00 04 75 8d 49 c7 00 aa 00 30 91 09 08 00 45 00 
00 1c 08 11 20 00 80 06 49 3c c0 a8 24 20 c0 a8 
24 1e 04 3b 00 17 62 a4 ae 8c 00 00 00 00 00 00 
00 00 00 00 00 00 00 00 00 00 00 00 

00 04 75 8d 49 c7 00 aa 00 30 91 09 08 00 45 00 
00 18 08 11 00 02 80 06 69 3e c0 a8 24 20 c0 a8 
24 1e d0 9a 00 00 00 00 00 00 00 00 00 00 00 00 
00 00 00 00 00 00 00 00 00 00 00 00 

00 04 75 8d 49 c7 00 aa 00 30 91 09 08 00 45 00 
00 1c 08 11 20 01 80 06 49 3b c0 a8 24 20 c0 a8 
24 1e 2b e6 93 19 50 10 41 28 00 00 00 00 00 00 
00 00 00 00 00 00 00 00 00 00 00 00 

00 04 75 8d 49 c7 00 aa 00 30 91 09 08 00 45 00 
00 1c 08 12 20 00 80 06 49 3b c0 a8 24 20 c0 a8 
24 1e 04 3b 00 17 62 a4 ae 8c 00 00 00 00 00 00 
00 00 00 00 00 00 00 00 00 00 00 00 

00 04 75 8d 49 c7 00 aa 00 30 91 09 08 00 45 00 
00 19 08 12 00 02 80 06 69 3c c0 a8 24 20 c0 a8 
24 1e 69 91 00 00 67 00 00 00 00 00 00 00 00 00 
00 00 00 00 00 00 00 00 00 00 00 00 

00 04 75 8d 49 c7 00 aa 00 30 91 09 08 00 45 00 
00 1c 08 12 20 01 80 06 49 3a c0 a8 24 20 c0 a8 
24 1e 2b e6 93 19 50 18 41 28 00 00 00 00 00 00 
00 00 00 00 00 00 00 00 00 00 00 00 

00 aa 00 30 91 0d 00 04 75 8d 49 c7 08 00 45 10 
00 29 30 ae 40 00 40 06 40 82 c0 a8 24 1e c0 a8 
24 20 00 17 04 3b 2b e6 93 19 62 a4 ae 8d 50 18 
16 d0 93 e8 00 00 67 00 00 00 00 00 

00 04 75 8d 49 c7 00 aa 00 30 91 09 08 00 45 00 
00 1c 08 13 20 00 80 06 49 3a c0 a8 24 20 c0 a8 
24 1e 04 3b 00 17 62 a4 ae 8d 00 00 00 00 00 00 
00 00 00 00 00 00 00 00 00 00 00 00 

00 04 75 8d 49 c7 00 aa 00 30 91 09 08 00 45 00 
00 19 08 13 00 02 80 06 69 3b c0 a8 24 20 c0 a8 
24 1e 5b 90 00 00 75 00 00 00 00 00 00 00 00 00 
00 00 00 00 00 00 00 00 00 00 00 00 

00 04 75 8d 49 c7 00 aa 00 30 91 09 08 00 45 00 
00 1c 08 13 20 01 80 06 49 39 c0 a8 24 20 c0 a8 
24 1e 2b e6 93 1a 50 18 41 27 00 00 00 00 00 00 
00 00 00 00 00 00 00 00 00 00 00 00 

00 aa 00 30 91 0d 00 04 75 8d 49 c7 08 00 45 10 
00 29 30 af 40 00 40 06 40 81 c0 a8 24 1e c0 a8 
24 20 00 17 04 3b 2b e6 93 1a 62 a4 ae 8e 50 18 
16 d0 85 e6 00 00 75 00 00 00 00 00 

00 04 75 8d 49 c7 00 aa 00 30 91 09 08 00 45 00 
00 1c 08 14 20 00 80 06 49 39 c0 a8 24 20 c0 a8 
24 1e 04 3b 00 17 62 a4 ae 8e 00 00 00 00 00 00 
00 00 00 00 00 00 00 00 00 00 00 00 

00 04 75 8d 49 c7 00 aa 00 30 91 09 08 00 45 00 
00 19 08 14 00 02 80 06 69 3a c0 a8 24 20 c0 a8 
24 1e 6b 8f 00 00 65 00 00 00 00 00 00 00 00 00 
00 00 00 00 00 00 00 00 00 00 00 00 

00 04 75 8d 49 c7 00 aa 00 30 91 09 08 00 45 00 
00 1c 08 14 20 01 80 06 49 38 c0 a8 24 20 c0 a8 
24 1e 2b e6 93 1b 50 18 41 26 00 00 00 00 00 00 
00 00 00 00 00 00 00 00 00 00 00 00 

00 aa 00 30 91 0d 00 04 75 8d 49 c7 08 00 45 10 
00 29 30 b0 40 00 40 06 40 80 c0 a8 24 1e c0 a8 
24 20 00 17 04 3b 2b e6 93 1b 62 a4 ae 8f 50 18 
16 d0 95 e4 00 00 65 00 00 00 00 00 

00 04 75 8d 49 c7 00 aa 00 30 91 09 08 00 45 00 
00 1c 08 15 20 00 80 06 49 38 c0 a8 24 20 c0 a8 
24 1e 04 3b 00 17 62 a4 ae 8f 00 00 00 00 00 00 
00 00 00 00 00 00 00 00 00 00 00 00 

00 04 75 8d 49 c7 00 aa 00 30 91 09 08 00 45 00 
00 18 08 15 00 02 80 06 69 3a c0 a8 24 20 c0 a8 
24 1e d0 97 00 00 00 00 00 00 00 00 00 00 00 00 
00 00 00 00 00 00 00 00 00 00 00 00 

00 04 75 8d 49 c7 00 aa 00 30 91 09 08 00 45 00 
00 1c 08 15 20 01 80 06 49 37 c0 a8 24 20 c0 a8 
24 1e 2b e6 93 1c 50 10 41 25 00 00 00 00 00 00 
00 00 00 00 00 00 00 00 00 00 00 00 

00 04 75 8d 49 c7 00 aa 00 30 91 09 08 00 45 00 
00 1c 08 16 20 00 80 06 49 37 c0 a8 24 20 c0 a8 
24 1e 04 3b 00 17 62 a4 ae 8f 00 00 00 00 00 00 
00 00 00 00 00 00 00 00 00 00 00 00 

00 04 75 8d 49 c7 00 aa 00 30 91 09 08 00 45 00 
00 19 08 16 00 02 80 06 69 38 c0 a8 24 20 c0 a8 
24 1e 5d 8e 00 00 73 00 00 00 00 00 00 00 00 00 
00 00 00 00 00 00 00 00 00 00 00 00 

00 04 75 8d 49 c7 00 aa 00 30 91 09 08 00 45 00 
00 1c 08 16 20 01 80 06 49 36 c0 a8 24 20 c0 a8 
24 1e 2b e6 93 1c 50 18 41 25 00 00 00 00 00 00 
00 00 00 00 00 00 00 00 00 00 00 00 

00 aa 00 30 91 0d 00 04 75 8d 49 c7 08 00 45 10 
00 29 30 b1 40 00 40 06 40 7f c0 a8 24 1e c0 a8 
24 20 00 17 04 3b 2b e6 93 1c 62 a4 ae 90 50 18 
16 d0 87 e2 00 00 73 00 00 00 00 00 

00 04 75 8d 49 c7 00 aa 00 30 91 09 08 00 45 00 
00 1c 08 17 20 00 80 06 49 36 c0 a8 24 20 c0 a8 
24 1e 04 3b 00 17 62 a4 ae 90 00 00 00 00 00 00 
00 00 00 00 00 00 00 00 00 00 00 00 

00 04 75 8d 49 c7 00 aa 00 30 91 09 08 00 45 00 
00 18 08 17 00 02 80 06 69 38 c0 a8 24 20 c0 a8 
24 1e d0 96 00 00 00 00 00 00 00 00 00 00 00 00 
00 00 00 00 00 00 00 00 00 00 00 00 

00 04 75 8d 49 c7 00 aa 00 30 91 09 08 00 45 00 
00 1c 08 17 20 01 80 06 49 35 c0 a8 24 20 c0 a8 
24 1e 2b e6 93 1d 50 10 41 24 00 00 00 00 00 00 
00 00 00 00 00 00 00 00 00 00 00 00 

00 04 75 8d 49 c7 00 aa 00 30 91 09 08 00 45 00 
00 1c 08 18 20 00 80 06 49 35 c0 a8 24 20 c0 a8 
24 1e 04 3b 00 17 62 a4 ae 90 00 00 00 00 00 00 
00 00 00 00 00 00 00 00 00 00 00 00 

00 04 75 8d 49 c7 00 aa 00 30 91 09 08 00 45 00 
00 19 08 18 00 02 80 06 69 36 c0 a8 24 20 c0 a8 
24 1e 5c 8d 00 00 74 00 00 00 00 00 00 00 00 00 
00 00 00 00 00 00 00 00 00 00 00 00 

00 04 75 8d 49 c7 00 aa 00 30 91 09 08 00 45 00 
00 1c 08 18 20 01 80 06 49 34 c0 a8 24 20 c0 a8 
24 1e 2b e6 93 1d 50 18 41 24 00 00 00 00 00 00 
00 00 00 00 00 00 00 00 00 00 00 00 

00 aa 00 30 91 0d 00 04 75 8d 49 c7 08 00 45 10 
00 29 30 b2 40 00 40 06 40 7e c0 a8 24 1e c0 a8 
24 20 00 17 04 3b 2b e6 93 1d 62 a4 ae 91 50 18 
16 d0 86 e0 00 00 74 00 00 00 00 00 

00 04 75 8d 49 c7 00 aa 00 30 91 09 08 00 45 00 
00 1c 08 19 20 00 80 06 49 34 c0 a8 24 20 c0 a8 
24 1e 04 3b 00 17 62 a4 ae 91 00 00 00 00 00 00 
00 00 00 00 00 00 00 00 00 00 00 00 

00 04 75 8d 49 c7 00 aa 00 30 91 09 08 00 45 00 
00 18 08 19 00 02 80 06 69 36 c0 a8 24 20 c0 a8 
24 1e d0 95 00 00 00 00 00 00 00 00 00 00 00 00 
00 00 00 00 00 00 00 00 00 00 00 00 

00 04 75 8d 49 c7 00 aa 00 30 91 09 08 00 45 00 
00 1c 08 19 20 01 80 06 49 33 c0 a8 24 20 c0 a8 
24 1e 2b e6 93 1e 50 10 41 23 00 00 00 00 00 00 
00 00 00 00 00 00 00 00 00 00 00 00 

00 04 75 8d 49 c7 00 aa 00 30 91 09 08 00 45 00 
00 1c 08 1a 20 00 80 06 49 33 c0 a8 24 20 c0 a8 
24 1e 04 3b 00 17 62 a4 ae 91 00 00 00 00 00 00 
00 00 00 00 00 00 00 00 00 00 00 00 

00 04 75 8d 49 c7 00 aa 00 30 91 09 08 00 45 00 
00 1a 08 1a 00 02 80 06 69 33 c0 a8 24 20 c0 a8 
24 1e c3 81 00 00 0d 0a 00 00 00 00 00 00 00 00 
00 00 00 00 00 00 00 00 00 00 00 00 

00 04 75 8d 49 c7 00 aa 00 30 91 09 08 00 45 00 
00 1c 08 1a 20 01 80 06 49 32 c0 a8 24 20 c0 a8 
24 1e 2b e6 93 1e 50 18 41 23 00 00 00 00 00 00 
00 00 00 00 00 00 00 00 00 00 00 00 

00 aa 00 30 91 0d 00 04 75 8d 49 c7 08 00 45 10 
00 2a 30 b3 40 00 40 06 40 7c c0 a8 24 1e c0 a8 
24 20 00 17 04 3b 2b e6 93 1e 62 a4 ae 93 50 18 
16 d0 ed d2 00 00 0d 0a 61 61 61 61 

00 04 75 8d 49 c7 00 aa 00 30 91 09 08 00 45 00 
00 1c 08 1b 20 00 80 06 49 32 c0 a8 24 20 c0 a8 
24 1e 04 3b 00 17 62 a4 ae 93 00 00 00 00 00 00 
00 00 00 00 00 00 00 00 00 00 00 00 

00 04 75 8d 49 c7 00 aa 00 30 91 09 08 00 45 00 
00 18 08 1b 00 02 80 06 69 34 c0 a8 24 20 c0 a8 
24 1e d0 93 00 00 00 00 00 00 00 00 00 00 00 00 
00 00 00 00 00 00 00 00 00 00 00 00 

00 04 75 8d 49 c7 00 aa 00 30 91 09 08 00 45 00 
00 1c 08 1b 20 01 80 06 49 31 c0 a8 24 20 c0 a8 
24 1e 2b e6 93 20 50 10 41 21 00 00 00 00 00 00 
00 00 00 00 00 00 00 00 00 00 00 00 

00 aa 00 30 91 0d 00 04 75 8d 49 c7 08 00 45 10 
00 32 30 b4 40 00 40 06 40 73 c0 a8 24 1e c0 a8 
24 20 00 17 04 3b 2b e6 93 20 62 a4 ae 93 50 18 
16 d0 13 0a 00 00 50 61 73 73 77 6f 72 64 3a 20 


00 04 75 8d 49 c7 00 aa 00 30 91 09 08 00 45 00 
00 1c 08 1c 20 00 80 06 49 31 c0 a8 24 20 c0 a8 
24 1e 04 3b 00 17 62 a4 ae 93 00 00 00 00 00 00 
00 00 00 00 00 00 00 00 00 00 00 00 

00 04 75 8d 49 c7 00 aa 00 30 91 09 08 00 45 00 
00 19 08 1c 00 02 80 06 69 32 c0 a8 24 20 c0 a8 
24 1e 6a 8a 00 00 66 00 00 00 00 00 00 00 00 00 
00 00 00 00 00 00 00 00 00 00 00 00 

00 04 75 8d 49 c7 00 aa 00 30 91 09 08 00 45 00 
00 1c 08 1c 20 01 80 06 49 30 c0 a8 24 20 c0 a8 
24 1e 2b e6 93 2a 50 18 41 17 00 00 00 00 00 00 
00 00 00 00 00 00 00 00 00 00 00 00 

00 aa 00 30 91 0d 00 04 75 8d 49 c7 08 00 45 10 
00 28 30 b5 40 00 40 06 40 7c c0 a8 24 1e c0 a8 
24 20 00 17 04 3b 2b e6 93 2a 62 a4 ae 94 50 10 
16 d0 fa d9 00 00 00 00 00 00 00 00 

00 04 75 8d 49 c7 00 aa 00 30 91 09 08 00 45 00 
00 1c 08 1d 20 00 80 06 49 30 c0 a8 24 20 c0 a8 
24 1e 04 3b 00 17 62 a4 ae 94 00 00 00 00 00 00 
00 00 00 00 00 00 00 00 00 00 00 00 

00 04 75 8d 49 c7 00 aa 00 30 91 09 08 00 45 00 
00 19 08 1d 00 02 80 06 69 31 c0 a8 24 20 c0 a8 
24 1e 6c 89 00 00 64 00 00 00 00 00 00 00 00 00 
00 00 00 00 00 00 00 00 00 00 00 00 

00 04 75 8d 49 c7 00 aa 00 30 91 09 08 00 45 00 
00 1c 08 1d 20 01 80 06 49 2f c0 a8 24 20 c0 a8 
24 1e 2b e6 93 2a 50 18 41 17 00 00 00 00 00 00 
00 00 00 00 00 00 00 00 00 00 00 00 

00 aa 00 30 91 0d 00 04 75 8d 49 c7 08 00 45 10 
00 28 30 b6 40 00 40 06 40 7b c0 a8 24 1e c0 a8 
24 20 00 17 04 3b 2b e6 93 2a 62 a4 ae 95 50 10 
16 d0 fa d8 00 00 00 00 00 00 00 00 

00 04 75 8d 49 c7 00 aa 00 30 91 09 08 00 45 00 
00 1c 08 1e 20 00 80 06 49 2f c0 a8 24 20 c0 a8 
24 1e 04 3b 00 17 62 a4 ae 95 00 00 00 00 00 00 
00 00 00 00 00 00 00 00 00 00 00 00 

00 04 75 8d 49 c7 00 aa 00 30 91 09 08 00 45 00 
00 19 08 1e 00 02 80 06 69 30 c0 a8 24 20 c0 a8 
24 1e 5d 88 00 00 73 00 00 00 00 00 00 00 00 00 
00 00 00 00 00 00 00 00 00 00 00 00 

00 04 75 8d 49 c7 00 aa 00 30 91 09 08 00 45 00 
00 1c 08 1e 20 01 80 06 49 2e c0 a8 24 20 c0 a8 
24 1e 2b e6 93 2a 50 18 41 17 00 00 00 00 00 00 
00 00 00 00 00 00 00 00 00 00 00 00 

00 aa 00 30 91 0d 00 04 75 8d 49 c7 08 00 45 10 
00 28 30 b7 40 00 40 06 40 7a c0 a8 24 1e c0 a8 
24 20 00 17 04 3b 2b e6 93 2a 62 a4 ae 96 50 10 
16 d0 fa d7 00 00 00 00 00 00 00 00 

00 04 75 8d 49 c7 00 aa 00 30 91 09 08 00 45 00 
00 1c 08 1f 20 00 80 06 49 2e c0 a8 24 20 c0 a8 
24 1e 04 3b 00 17 62 a4 ae 96 00 00 00 00 00 00 
00 00 00 00 00 00 00 00 00 00 00 00 

00 04 75 8d 49 c7 00 aa 00 30 91 09 08 00 45 00 
00 19 08 1f 00 02 80 06 69 2f c0 a8 24 20 c0 a8 
24 1e 6a 87 00 00 66 00 00 00 00 00 00 00 00 00 
00 00 00 00 00 00 00 00 00 00 00 00 

00 04 75 8d 49 c7 00 aa 00 30 91 09 08 00 45 00 
00 1c 08 1f 20 01 80 06 49 2d c0 a8 24 20 c0 a8 
24 1e 2b e6 93 2a 50 18 41 17 00 00 00 00 00 00 
00 00 00 00 00 00 00 00 00 00 00 00 

00 aa 00 30 91 0d 00 04 75 8d 49 c7 08 00 45 10 
00 28 30 b8 40 00 40 06 40 79 c0 a8 24 1e c0 a8 
24 20 00 17 04 3b 2b e6 93 2a 62 a4 ae 97 50 10 
16 d0 fa d6 00 00 00 00 00 00 00 00 

00 04 75 8d 49 c7 00 aa 00 30 91 09 08 00 45 00 
00 1c 08 20 20 00 80 06 49 2d c0 a8 24 20 c0 a8 
24 1e 04 3b 00 17 62 a4 ae 97 00 00 00 00 00 00 
00 00 00 00 00 00 00 00 00 00 00 00 

00 04 75 8d 49 c7 00 aa 00 30 91 09 08 00 45 00 
00 19 08 20 00 02 80 06 69 2e c0 a8 24 20 c0 a8 
24 1e 6f 86 00 00 61 00 00 00 00 00 00 00 00 00 
00 00 00 00 00 00 00 00 00 00 00 00 

00 04 75 8d 49 c7 00 aa 00 30 91 09 08 00 45 00 
00 1c 08 20 20 01 80 06 49 2c c0 a8 24 20 c0 a8 
24 1e 2b e6 93 2a 50 18 41 17 00 00 00 00 00 00 
00 00 00 00 00 00 00 00 00 00 00 00 

00 aa 00 30 91 0d 00 04 75 8d 49 c7 08 00 45 10 
00 28 30 b9 40 00 40 06 40 78 c0 a8 24 1e c0 a8 
24 20 00 17 04 3b 2b e6 93 2a 62 a4 ae 98 50 10 
16 d0 fa d5 00 00 00 00 00 00 00 00 

00 04 75 8d 49 c7 00 aa 00 30 91 09 08 00 45 00 
00 1c 08 21 20 00 80 06 49 2c c0 a8 24 20 c0 a8 
24 1e 04 3b 00 17 62 a4 ae 98 00 00 00 00 00 00 
00 00 00 00 00 00 00 00 00 00 00 00 

00 04 75 8d 49 c7 00 aa 00 30 91 09 08 00 45 00 
00 19 08 21 00 02 80 06 69 2d c0 a8 24 20 c0 a8 
24 1e 5d 85 00 00 73 00 00 00 00 00 00 00 00 00 
00 00 00 00 00 00 00 00 00 00 00 00 

00 04 75 8d 49 c7 00 aa 00 30 91 09 08 00 45 00 
00 1c 08 21 20 01 80 06 49 2b c0 a8 24 20 c0 a8 
24 1e 2b e6 93 2a 50 18 41 17 00 00 00 00 00 00 
00 00 00 00 00 00 00 00 00 00 00 00 

00 aa 00 30 91 0d 00 04 75 8d 49 c7 08 00 45 10 
00 28 30 ba 40 00 40 06 40 77 c0 a8 24 1e c0 a8 
24 20 00 17 04 3b 2b e6 93 2a 62 a4 ae 99 50 10 
16 d0 fa d4 00 00 00 00 00 00 00 00 

00 04 75 8d 49 c7 00 aa 00 30 91 09 08 00 45 00 
00 1c 08 22 20 00 80 06 49 2b c0 a8 24 20 c0 a8 
24 1e 04 3b 00 17 62 a4 ae 99 00 00 00 00 00 00 
00 00 00 00 00 00 00 00 00 00 00 00 

00 04 75 8d 49 c7 00 aa 00 30 91 09 08 00 45 00 
00 19 08 22 00 02 80 06 69 2c c0 a8 24 20 c0 a8 
24 1e 6c 84 00 00 64 00 00 00 00 00 00 00 00 00 
00 00 00 00 00 00 00 00 00 00 00 00 

00 04 75 8d 49 c7 00 aa 00 30 91 09 08 00 45 00 
00 1c 08 22 20 01 80 06 49 2a c0 a8 24 20 c0 a8 
24 1e 2b e6 93 2a 50 18 41 17 00 00 00 00 00 00 
00 00 00 00 00 00 00 00 00 00 00 00 

00 aa 00 30 91 0d 00 04 75 8d 49 c7 08 00 45 10 
00 28 30 bb 40 00 40 06 40 76 c0 a8 24 1e c0 a8 
24 20 00 17 04 3b 2b e6 93 2a 62 a4 ae 9a 50 10 
16 d0 fa d3 00 00 00 00 00 00 00 00 

00 04 75 8d 49 c7 00 aa 00 30 91 09 08 00 45 00 
00 1c 08 23 20 00 80 06 49 2a c0 a8 24 20 c0 a8 
24 1e 04 3b 00 17 62 a4 ae 9a 00 00 00 00 00 00 
00 00 00 00 00 00 00 00 00 00 00 00 

00 04 75 8d 49 c7 00 aa 00 30 91 09 08 00 45 00 
00 19 08 23 00 02 80 06 69 2b c0 a8 24 20 c0 a8 
24 1e 6a 83 00 00 66 00 00 00 00 00 00 00 00 00 
00 00 00 00 00 00 00 00 00 00 00 00 

00 04 75 8d 49 c7 00 aa 00 30 91 09 08 00 45 00 
00 1c 08 23 20 01 80 06 49 29 c0 a8 24 20 c0 a8 
24 1e 2b e6 93 2a 50 18 41 17 00 00 00 00 00 00 
00 00 00 00 00 00 00 00 00 00 00 00 

00 aa 00 30 91 0d 00 04 75 8d 49 c7 08 00 45 10 
00 28 30 bc 40 00 40 06 40 75 c0 a8 24 1e c0 a8 
24 20 00 17 04 3b 2b e6 93 2a 62 a4 ae 9b 50 10 
16 d0 fa d2 00 00 00 00 00 00 00 00 

00 04 75 8d 49 c7 00 aa 00 30 91 09 08 00 45 00 
00 1c 08 24 20 00 80 06 49 29 c0 a8 24 20 c0 a8 
24 1e 04 3b 00 17 62 a4 ae 9b 00 00 00 00 00 00 
00 00 00 00 00 00 00 00 00 00 00 00 

00 04 75 8d 49 c7 00 aa 00 30 91 09 08 00 45 00 
00 19 08 24 00 02 80 06 69 2a c0 a8 24 20 c0 a8 
24 1e 5d 82 00 00 73 00 00 00 00 00 00 00 00 00 
00 00 00 00 00 00 00 00 00 00 00 00 

00 04 75 8d 49 c7 00 aa 00 30 91 09 08 00 45 00 
00 1c 08 24 20 01 80 06 49 28 c0 a8 24 20 c0 a8 
24 1e 2b e6 93 2a 50 18 41 17 00 00 00 00 00 00 
00 00 00 00 00 00 00 00 00 00 00 00 

00 aa 00 30 91 0d 00 04 75 8d 49 c7 08 00 45 10 
00 28 30 bd 40 00 40 06 40 74 c0 a8 24 1e c0 a8 
24 20 00 17 04 3b 2b e6 93 2a 62 a4 ae 9c 50 10 
16 d0 fa d1 00 00 00 00 00 00 00 00 

00 04 75 8d 49 c7 00 aa 00 30 91 09 08 00 45 00 
00 1c 08 25 20 00 80 06 49 28 c0 a8 24 20 c0 a8 
24 1e 04 3b 00 17 62 a4 ae 9c 00 00 00 00 00 00 
00 00 00 00 00 00 00 00 00 00 00 00 

00 04 75 8d 49 c7 00 aa 00 30 91 09 08 00 45 00 
00 19 08 25 00 02 80 06 69 29 c0 a8 24 20 c0 a8 
24 1e 6f 81 00 00 61 00 00 00 00 00 00 00 00 00 
00 00 00 00 00 00 00 00 00 00 00 00 

00 04 75 8d 49 c7 00 aa 00 30 91 09 08 00 45 00 
00 1c 08 25 20 01 80 06 49 27 c0 a8 24 20 c0 a8 
24 1e 2b e6 93 2a 50 18 41 17 00 00 00 00 00 00 
00 00 00 00 00 00 00 00 00 00 00 00 

00 aa 00 30 91 0d 00 04 75 8d 49 c7 08 00 45 10 
00 28 30 be 40 00 40 06 40 73 c0 a8 24 1e c0 a8 
24 20 00 17 04 3b 2b e6 93 2a 62 a4 ae 9d 50 10 
16 d0 fa d0 00 00 00 00 00 00 00 00 

00 04 75 8d 49 c7 00 aa 00 30 91 09 08 00 45 00 
00 1c 08 26 20 00 80 06 49 27 c0 a8 24 20 c0 a8 
24 1e 04 3b 00 17 62 a4 ae 9d 00 00 00 00 00 00 
00 00 00 00 00 00 00 00 00 00 00 00 

00 04 75 8d 49 c7 00 aa 00 30 91 09 08 00 45 00 
00 19 08 26 00 02 80 06 69 28 c0 a8 24 20 c0 a8 
24 1e 6c 80 00 00 64 00 00 00 00 00 00 00 00 00 
00 00 00 00 00 00 00 00 00 00 00 00 

00 04 75 8d 49 c7 00 aa 00 30 91 09 08 00 45 00 
00 1c 08 26 20 01 80 06 49 26 c0 a8 24 20 c0 a8 
24 1e 2b e6 93 2a 50 18 41 17 00 00 00 00 00 00 
00 00 00 00 00 00 00 00 00 00 00 00 

00 aa 00 30 91 0d 00 04 75 8d 49 c7 08 00 45 10 
00 28 30 bf 40 00 40 06 40 72 c0 a8 24 1e c0 a8 
24 20 00 17 04 3b 2b e6 93 2a 62 a4 ae 9e 50 10 
16 d0 fa cf 00 00 00 00 00 00 00 00 

00 04 75 8d 49 c7 00 aa 00 30 91 09 08 00 45 00 
00 1c 08 27 20 00 80 06 49 26 c0 a8 24 20 c0 a8 
24 1e 04 3b 00 17 62 a4 ae 9e 00 00 00 00 00 00 
00 00 00 00 00 00 00 00 00 00 00 00 

00 04 75 8d 49 c7 00 aa 00 30 91 09 08 00 45 00 
00 19 08 27 00 02 80 06 69 27 c0 a8 24 20 c0 a8 
24 1e 6a 7f 00 00 66 00 00 00 00 00 00 00 00 00 
00 00 00 00 00 00 00 00 00 00 00 00 

00 04 75 8d 49 c7 00 aa 00 30 91 09 08 00 45 00 
00 1c 08 27 20 01 80 06 49 25 c0 a8 24 20 c0 a8 
24 1e 2b e6 93 2a 50 18 41 17 00 00 00 00 00 00 
00 00 00 00 00 00 00 00 00 00 00 00 

00 aa 00 30 91 0d 00 04 75 8d 49 c7 08 00 45 10 
00 28 30 c0 40 00 40 06 40 71 c0 a8 24 1e c0 a8 
24 20 00 17 04 3b 2b e6 93 2a 62 a4 ae 9f 50 10 
16 d0 fa ce 00 00 00 00 00 00 00 00 

00 04 75 8d 49 c7 00 aa 00 30 91 09 08 00 45 00 
00 1c 08 28 20 00 80 06 49 25 c0 a8 24 20 c0 a8 
24 1e 04 3b 00 17 62 a4 ae 9f 00 00 00 00 00 00 
00 00 00 00 00 00 00 00 00 00 00 00 

00 04 75 8d 49 c7 00 aa 00 30 91 09 08 00 45 00 
00 19 08 28 00 02 80 06 69 26 c0 a8 24 20 c0 a8 
24 1e 5d 7e 00 00 73 00 00 00 00 00 00 00 00 00 
00 00 00 00 00 00 00 00 00 00 00 00 

00 04 75 8d 49 c7 00 aa 00 30 91 09 08 00 45 00 
00 1c 08 28 20 01 80 06 49 24 c0 a8 24 20 c0 a8 
24 1e 2b e6 93 2a 50 18 41 17 00 00 00 00 00 00 
00 00 00 00 00 00 00 00 00 00 00 00 

00 aa 00 30 91 0d 00 04 75 8d 49 c7 08 00 45 10 
00 28 30 c1 40 00 40 06 40 70 c0 a8 24 1e c0 a8 
24 20 00 17 04 3b 2b e6 93 2a 62 a4 ae a0 50 10 
16 d0 fa cd 00 00 00 00 00 00 00 00 

00 04 75 8d 49 c7 00 aa 00 30 91 09 08 00 45 00 
00 1c 08 29 20 00 80 06 49 24 c0 a8 24 20 c0 a8 
24 1e 04 3b 00 17 62 a4 ae a0 00 00 00 00 00 00 
00 00 00 00 00 00 00 00 00 00 00 00 

00 04 75 8d 49 c7 00 aa 00 30 91 09 08 00 45 00 
00 19 08 29 00 02 80 06 69 25 c0 a8 24 20 c0 a8 
24 1e 6f 7d 00 00 61 00 00 00 00 00 00 00 00 00 
00 00 00 00 00 00 00 00 00 00 00 00 

00 04 75 8d 49 c7 00 aa 00 30 91 09 08 00 45 00 
00 1c 08 29 20 01 80 06 49 23 c0 a8 24 20 c0 a8 
24 1e 2b e6 93 2a 50 18 41 17 00 00 00 00 00 00 
00 00 00 00 00 00 00 00 00 00 00 00 

00 aa 00 30 91 0d 00 04 75 8d 49 c7 08 00 45 10 
00 28 30 c2 40 00 40 06 40 6f c0 a8 24 1e c0 a8 
24 20 00 17 04 3b 2b e6 93 2a 62 a4 ae a1 50 10 
16 d0 fa cc 00 00 00 00 00 00 00 00 

00 04 75 8d 49 c7 00 aa 00 30 91 09 08 00 45 00 
00 1c 08 2a 20 00 80 06 49 23 c0 a8 24 20 c0 a8 
24 1e 04 3b 00 17 62 a4 ae a1 00 00 00 00 00 00 
00 00 00 00 00 00 00 00 00 00 00 00 

00 04 75 8d 49 c7 00 aa 00 30 91 09 08 00 45 00 
00 19 08 2a 00 02 80 06 69 24 c0 a8 24 20 c0 a8 
24 1e 6c 7c 00 00 64 00 00 00 00 00 00 00 00 00 
00 00 00 00 00 00 00 00 00 00 00 00 

00 04 75 8d 49 c7 00 aa 00 30 91 09 08 00 45 00 
00 1c 08 2a 20 01 80 06 49 22 c0 a8 24 20 c0 a8 
24 1e 2b e6 93 2a 50 18 41 17 00 00 00 00 00 00 
00 00 00 00 00 00 00 00 00 00 00 00 

00 aa 00 30 91 0d 00 04 75 8d 49 c7 08 00 45 10 
00 28 30 c3 40 00 40 06 40 6e c0 a8 24 1e c0 a8 
24 20 00 17 04 3b 2b e6 93 2a 62 a4 ae a2 50 10 
16 d0 fa cb 00 00 00 00 00 00 00 00 

00 04 75 8d 49 c7 00 aa 00 30 91 09 08 00 45 00 
00 1c 08 2b 20 00 80 06 49 22 c0 a8 24 20 c0 a8 
24 1e 04 3b 00 17 62 a4 ae a2 00 00 00 00 00 00 
00 00 00 00 00 00 00 00 00 00 00 00 

00 04 75 8d 49 c7 00 aa 00 30 91 09 08 00 45 00 
00 19 08 2b 00 02 80 06 69 23 c0 a8 24 20 c0 a8 
24 1e c8 7b 00 00 08 00 00 00 00 00 00 00 00 00 
00 00 00 00 00 00 00 00 00 00 00 00 

00 04 75 8d 49 c7 00 aa 00 30 91 09 08 00 45 00 
00 1c 08 2b 20 01 80 06 49 21 c0 a8 24 20 c0 a8 
24 1e 2b e6 93 2a 50 18 41 17 00 00 00 00 00 00 
00 00 00 00 00 00 00 00 00 00 00 00 

00 aa 00 30 91 0d 00 04 75 8d 49 c7 08 00 45 10 
00 28 30 c4 40 00 40 06 40 6d c0 a8 24 1e c0 a8 
24 20 00 17 04 3b 2b e6 93 2a 62 a4 ae a3 50 10 
16 d0 fa ca 00 00 00 00 00 00 00 00 

00 04 75 8d 49 c7 00 aa 00 30 91 09 08 00 45 00 
00 1c 08 2c 20 00 80 06 49 21 c0 a8 24 20 c0 a8 
24 1e 04 3b 00 17 62 a4 ae a3 00 00 00 00 00 00 
00 00 00 00 00 00 00 00 00 00 00 00 

00 04 75 8d 49 c7 00 aa 00 30 91 09 08 00 45 00 
00 19 08 2c 00 02 80 06 69 22 c0 a8 24 20 c0 a8 
24 1e c8 7a 00 00 08 00 00 00 00 00 00 00 00 00 
00 00 00 00 00 00 00 00 00 00 00 00 

00 04 75 8d 49 c7 00 aa 00 30 91 09 08 00 45 00 
00 1c 08 2c 20 01 80 06 49 20 c0 a8 24 20 c0 a8 
24 1e 2b e6 93 2a 50 18 41 17 00 00 00 00 00 00 
00 00 00 00 00 00 00 00 00 00 00 00 

00 aa 00 30 91 0d 00 04 75 8d 49 c7 08 00 45 10 
00 28 30 c5 40 00 40 06 40 6c c0 a8 24 1e c0 a8 
24 20 00 17 04 3b 2b e6 93 2a 62 a4 ae a4 50 10 
16 d0 fa c9 00 00 00 00 00 00 00 00 

00 04 75 8d 49 c7 00 aa 00 30 91 09 08 00 45 00 
00 1c 08 2d 20 00 80 06 49 20 c0 a8 24 20 c0 a8 
24 1e 04 3b 00 17 62 a4 ae a4 00 00 00 00 00 00 
00 00 00 00 00 00 00 00 00 00 00 00 

00 04 75 8d 49 c7 00 aa 00 30 91 09 08 00 45 00 
00 19 08 2d 00 02 80 06 69 21 c0 a8 24 20 c0 a8 
24 1e c8 79 00 00 08 00 00 00 00 00 00 00 00 00 
00 00 00 00 00 00 00 00 00 00 00 00 

00 04 75 8d 49 c7 00 aa 00 30 91 09 08 00 45 00 
00 1c 08 2d 20 01 80 06 49 1f c0 a8 24 20 c0 a8 
24 1e 2b e6 93 2a 50 18 41 17 00 00 00 00 00 00 
00 00 00 00 00 00 00 00 00 00 00 00 

00 aa 00 30 91 0d 00 04 75 8d 49 c7 08 00 45 10 
00 28 30 c6 40 00 40 06 40 6b c0 a8 24 1e c0 a8 
24 20 00 17 04 3b 2b e6 93 2a 62 a4 ae a5 50 10 
16 d0 fa c8 00 00 00 00 00 00 00 00 

00 04 75 8d 49 c7 00 aa 00 30 91 09 08 00 45 00 
00 1c 08 2e 20 00 80 06 49 1f c0 a8 24 20 c0 a8 
24 1e 04 3b 00 17 62 a4 ae a5 00 00 00 00 00 00 
00 00 00 00 00 00 00 00 00 00 00 00 

00 04 75 8d 49 c7 00 aa 00 30 91 09 08 00 45 00 
00 19 08 2e 00 02 80 06 69 20 c0 a8 24 20 c0 a8 
24 1e c8 78 00 00 08 00 00 00 00 00 00 00 00 00 
00 00 00 00 00 00 00 00 00 00 00 00 

00 04 75 8d 49 c7 00 aa 00 30 91 09 08 00 45 00 
00 1c 08 2e 20 01 80 06 49 1e c0 a8 24 20 c0 a8 
24 1e 2b e6 93 2a 50 18 41 17 00 00 00 00 00 00 
00 00 00 00 00 00 00 00 00 00 00 00 

00 aa 00 30 91 0d 00 04 75 8d 49 c7 08 00 45 10 
00 28 30 c7 40 00 40 06 40 6a c0 a8 24 1e c0 a8 
24 20 00 17 04 3b 2b e6 93 2a 62 a4 ae a6 50 10 
16 d0 fa c7 00 00 00 00 00 00 00 00 

00 04 75 8d 49 c7 00 aa 00 30 91 09 08 00 45 00 
00 1c 08 2f 20 00 80 06 49 1e c0 a8 24 20 c0 a8 
24 1e 04 3b 00 17 62 a4 ae a6 00 00 00 00 00 00 
00 00 00 00 00 00 00 00 00 00 00 00 

00 04 75 8d 49 c7 00 aa 00 30 91 09 08 00 45 00 
00 19 08 2f 00 02 80 06 69 1f c0 a8 24 20 c0 a8 
24 1e c8 77 00 00 08 00 00 00 00 00 00 00 00 00 
00 00 00 00 00 00 00 00 00 00 00 00 

00 04 75 8d 49 c7 00 aa 00 30 91 09 08 00 45 00 
00 1c 08 2f 20 01 80 06 49 1d c0 a8 24 20 c0 a8 
24 1e 2b e6 93 2a 50 18 41 17 00 00 00 00 00 00 
00 00 00 00 00 00 00 00 00 00 00 00 

00 aa 00 30 91 0d 00 04 75 8d 49 c7 08 00 45 10 
00 28 30 c8 40 00 40 06 40 69 c0 a8 24 1e c0 a8 
24 20 00 17 04 3b 2b e6 93 2a 62 a4 ae a7 50 10 
16 d0 fa c6 00 00 00 00 00 00 00 00 

00 04 75 8d 49 c7 00 aa 00 30 91 09 08 00 45 00 
00 1c 08 30 20 00 80 06 49 1d c0 a8 24 20 c0 a8 
24 1e 04 3b 00 17 62 a4 ae a7 00 00 00 00 00 00 
00 00 00 00 00 00 00 00 00 00 00 00 

00 04 75 8d 49 c7 00 aa 00 30 91 09 08 00 45 00 
00 1a 08 30 00 02 80 06 69 1d c0 a8 24 20 c0 a8 
24 1e c3 6b 00 00 0d 0a 00 00 00 00 00 00 00 00 
00 00 00 00 00 00 00 00 00 00 00 00 

00 04 75 8d 49 c7 00 aa 00 30 91 09 08 00 45 00 
00 1c 08 30 20 01 80 06 49 1c c0 a8 24 20 c0 a8 
24 1e 2b e6 93 2a 50 18 41 17 00 00 00 00 00 00 
00 00 00 00 00 00 00 00 00 00 00 00 

00 aa 00 30 91 0d 00 04 75 8d 49 c7 08 00 45 10 
00 28 30 c9 40 00 40 06 40 68 c0 a8 24 1e c0 a8 
24 20 00 17 04 3b 2b e6 93 2a 62 a4 ae a9 50 10 
16 d0 fa c4 00 00 00 00 00 00 00 00 

00 aa 00 30 91 0d 00 04 75 8d 49 c7 08 00 45 10 
00 2a 30 ca 40 00 40 06 40 65 c0 a8 24 1e c0 a8 
24 20 00 17 04 3b 2b e6 93 2a 62 a4 ae a9 50 18 
16 d0 ed b0 00 00 0d 0a 40 40 40 40 

00 04 75 8d 49 c7 00 aa 00 30 91 09 08 00 45 00 
00 1c 08 31 20 00 80 06 49 1c c0 a8 24 20 c0 a8 
24 1e 04 3b 00 17 62 a4 ae a9 00 00 00 00 00 00 
00 00 00 00 00 00 00 00 00 00 00 00 

00 04 75 8d 49 c7 00 aa 00 30 91 09 08 00 45 00 
00 18 08 31 00 02 80 06 69 1e c0 a8 24 20 c0 a8 
24 1e d0 7d 00 00 00 00 00 00 00 00 00 00 00 00 
00 00 00 00 00 00 00 00 00 00 00 00 

00 04 75 8d 49 c7 00 aa 00 30 91 09 08 00 45 00 
00 1c 08 31 20 01 80 06 49 1b c0 a8 24 20 c0 a8 
24 1e 2b e6 93 2c 50 10 41 15 00 00 00 00 00 00 
00 00 00 00 00 00 00 00 00 00 00 00 

00 aa 00 30 91 0d 00 04 75 8d 49 c7 08 00 45 10 
00 42 30 cb 40 00 40 06 40 4c c0 a8 24 1e c0 a8 
24 20 00 17 04 3b 2b e6 93 2c 62 a4 ae a9 50 18 
16 d0 98 77 00 00 4c 6f 67 69 6e 20 69 6e 63 6f 
72 72 65 63 74 0d 0a 0d 0a 6c 6f 67 69 6e 3a 20 


00 04 75 8d 49 c7 00 aa 00 30 91 09 08 00 45 00 
00 1c 08 32 20 00 80 06 49 1b c0 a8 24 20 c0 a8 
24 1e 04 3b 00 17 62 a4 ae a9 00 00 00 00 00 00 
00 00 00 00 00 00 00 00 00 00 00 00 

00 04 75 8d 49 c7 00 aa 00 30 91 09 08 00 45 00 
00 18 08 32 00 02 80 06 69 1d c0 a8 24 20 c0 a8 
24 1e d0 7d 00 00 00 00 00 00 00 00 00 00 00 00 
00 00 00 00 00 00 00 00 00 00 00 00 

00 04 75 8d 49 c7 00 aa 00 30 91 09 08 00 45 00 
00 1c 08 32 20 01 80 06 49 1a c0 a8 24 20 c0 a8 
24 1e 2b e6 93 46 50 10 40 fb 00 00 00 00 00 00 
00 00 00 00 00 00 00 00 00 00 00 00 

00 04 75 8d 49 c7 00 aa 00 30 91 09 08 00 45 00 
00 1c 08 33 20 00 80 06 49 1a c0 a8 24 20 c0 a8 
24 1e 04 3b 00 17 62 a4 ae a9 00 00 00 00 00 00 
00 00 00 00 00 00 00 00 00 00 00 00 

00 04 75 8d 49 c7 00 aa 00 30 91 09 08 00 45 00 
00 19 08 33 00 02 80 06 69 1b c0 a8 24 20 c0 a8 
24 1e 64 74 00 00 6c 00 00 00 00 00 00 00 00 00 
00 00 00 00 00 00 00 00 00 00 00 00 

00 04 75 8d 49 c7 00 aa 00 30 91 09 08 00 45 00 
00 1c 08 33 20 01 80 06 49 19 c0 a8 24 20 c0 a8 
24 1e 2b e6 93 46 50 18 40 fb 00 00 00 00 00 00 
00 00 00 00 00 00 00 00 00 00 00 00 

00 aa 00 30 91 0d 00 04 75 8d 49 c7 08 00 45 10 
00 29 30 cc 40 00 40 06 40 64 c0 a8 24 1e c0 a8 
24 20 00 17 04 3b 2b e6 93 46 62 a4 ae aa 50 18 
16 d0 8e 9e 00 00 6c 00 00 00 00 00 

00 04 75 8d 49 c7 00 aa 00 30 91 09 08 00 45 00 
00 1c 08 34 20 00 80 06 49 19 c0 a8 24 20 c0 a8 
24 1e 04 3b 00 17 62 a4 ae aa 00 00 00 00 00 00 
00 00 00 00 00 00 00 00 00 00 00 00 

00 04 75 8d 49 c7 00 aa 00 30 91 09 08 00 45 00 
00 19 08 34 00 02 80 06 69 1a c0 a8 24 20 c0 a8 
24 1e 6b 73 00 00 65 00 00 00 00 00 00 00 00 00 
00 00 00 00 00 00 00 00 00 00 00 00 

00 04 75 8d 49 c7 00 aa 00 30 91 09 08 00 45 00 
00 1c 08 34 20 01 80 06 49 18 c0 a8 24 20 c0 a8 
24 1e 2b e6 93 47 50 18 40 fa 00 00 00 00 00 00 
00 00 00 00 00 00 00 00 00 00 00 00 

00 aa 00 30 91 0d 00 04 75 8d 49 c7 08 00 45 10 
00 29 30 cd 40 00 40 06 40 63 c0 a8 24 1e c0 a8 
24 20 00 17 04 3b 2b e6 93 47 62 a4 ae ab 50 18 
16 d0 95 9c 00 00 65 00 00 00 00 00 

00 04 75 8d 49 c7 00 aa 00 30 91 09 08 00 45 00 
00 1c 08 35 20 00 80 06 49 18 c0 a8 24 20 c0 a8 
24 1e 04 3b 00 17 62 a4 ae ab 00 00 00 00 00 00 
00 00 00 00 00 00 00 00 00 00 00 00 

00 04 75 8d 49 c7 00 aa 00 30 91 09 08 00 45 00 
00 19 08 35 00 02 80 06 69 19 c0 a8 24 20 c0 a8 
24 1e 5c 72 00 00 74 00 00 00 00 00 00 00 00 00 
00 00 00 00 00 00 00 00 00 00 00 00 

00 04 75 8d 49 c7 00 aa 00 30 91 09 08 00 45 00 
00 1c 08 35 20 01 80 06 49 17 c0 a8 24 20 c0 a8 
24 1e 2b e6 93 48 50 18 40 f9 00 00 00 00 00 00 
00 00 00 00 00 00 00 00 00 00 00 00 

00 aa 00 30 91 0d 00 04 75 8d 49 c7 08 00 45 10 
00 29 30 ce 40 00 40 06 40 62 c0 a8 24 1e c0 a8 
24 20 00 17 04 3b 2b e6 93 48 62 a4 ae ac 50 18 
16 d0 86 9a 00 00 74 00 00 00 00 00 

00 04 75 8d 49 c7 00 aa 00 30 91 09 08 00 45 00 
00 1c 08 36 20 00 80 06 49 17 c0 a8 24 20 c0 a8 
24 1e 04 3b 00 17 62 a4 ae ac 00 00 00 00 00 00 
00 00 00 00 00 00 00 00 00 00 00 00 

00 04 75 8d 49 c7 00 aa 00 30 91 09 08 00 45 00 
00 18 08 36 00 02 80 06 69 19 c0 a8 24 20 c0 a8 
24 1e d0 7a 00 00 00 00 00 00 00 00 00 00 00 00 
00 00 00 00 00 00 00 00 00 00 00 00 

00 04 75 8d 49 c7 00 aa 00 30 91 09 08 00 45 00 
00 1c 08 36 20 01 80 06 49 16 c0 a8 24 20 c0 a8 
24 1e 2b e6 93 49 50 10 40 f8 00 00 00 00 00 00 
00 00 00 00 00 00 00 00 00 00 00 00 

00 04 75 8d 49 c7 00 aa 00 30 91 09 08 00 45 00 
00 1c 08 37 20 00 80 06 49 16 c0 a8 24 20 c0 a8 
24 1e 04 3b 00 17 62 a4 ae ac 00 00 00 00 00 00 
00 00 00 00 00 00 00 00 00 00 00 00 

00 04 75 8d 49 c7 00 aa 00 30 91 09 08 00 45 00 
00 19 08 37 00 02 80 06 69 17 c0 a8 24 20 c0 a8 
24 1e 63 71 00 00 6d 00 00 00 00 00 00 00 00 00 
00 00 00 00 00 00 00 00 00 00 00 00 

00 04 75 8d 49 c7 00 aa 00 30 91 09 08 00 45 00 
00 1c 08 37 20 01 80 06 49 15 c0 a8 24 20 c0 a8 
24 1e 2b e6 93 49 50 18 40 f8 00 00 00 00 00 00 
00 00 00 00 00 00 00 00 00 00 00 00 

00 aa 00 30 91 0d 00 04 75 8d 49 c7 08 00 45 10 
00 29 30 cf 40 00 40 06 40 61 c0 a8 24 1e c0 a8 
24 20 00 17 04 3b 2b e6 93 49 62 a4 ae ad 50 18 
16 d0 8d 98 00 00 6d 00 00 00 00 00 

00 04 75 8d 49 c7 00 aa 00 30 91 09 08 00 45 00 
00 1c 08 38 20 00 80 06 49 15 c0 a8 24 20 c0 a8 
24 1e 04 3b 00 17 62 a4 ae ad 00 00 00 00 00 00 
00 00 00 00 00 00 00 00 00 00 00 00 

00 04 75 8d 49 c7 00 aa 00 30 91 09 08 00 45 00 
00 19 08 38 00 02 80 06 69 16 c0 a8 24 20 c0 a8 
24 1e 62 70 00 00 6e 00 00 00 00 00 00 00 00 00 
00 00 00 00 00 00 00 00 00 00 00 00 

00 04 75 8d 49 c7 00 aa 00 30 91 09 08 00 45 00 
00 1c 08 38 20 01 80 06 49 14 c0 a8 24 20 c0 a8 
24 1e 2b e6 93 4a 50 18 40 f7 00 00 00 00 00 00 
00 00 00 00 00 00 00 00 00 00 00 00 

00 aa 00 30 91 0d 00 04 75 8d 49 c7 08 00 45 10 
00 29 30 d0 40 00 40 06 40 60 c0 a8 24 1e c0 a8 
24 20 00 17 04 3b 2b e6 93 4a 62 a4 ae ae 50 18 
16 d0 8c 96 00 00 6e 00 00 00 00 00 

00 04 75 8d 49 c7 00 aa 00 30 91 09 08 00 45 00 
00 1c 08 39 20 00 80 06 49 14 c0 a8 24 20 c0 a8 
24 1e 04 3b 00 17 62 a4 ae ae 00 00 00 00 00 00 
00 00 00 00 00 00 00 00 00 00 00 00 

00 04 75 8d 49 c7 00 aa 00 30 91 09 08 00 45 00 
00 19 08 39 00 02 80 06 69 15 c0 a8 24 20 c0 a8 
24 1e 6b 6f 00 00 65 00 00 00 00 00 00 00 00 00 
00 00 00 00 00 00 00 00 00 00 00 00 

00 04 75 8d 49 c7 00 aa 00 30 91 09 08 00 45 00 
00 1c 08 39 20 01 80 06 49 13 c0 a8 24 20 c0 a8 
24 1e 2b e6 93 4b 50 18 40 f6 00 00 00 00 00 00 
00 00 00 00 00 00 00 00 00 00 00 00 

00 aa 00 30 91 0d 00 04 75 8d 49 c7 08 00 45 10 
00 29 30 d1 40 00 40 06 40 5f c0 a8 24 1e c0 a8 
24 20 00 17 04 3b 2b e6 93 4b 62 a4 ae af 50 18 
16 d0 95 94 00 00 65 00 00 00 00 00 

00 04 75 8d 49 c7 00 aa 00 30 91 09 08 00 45 00 
00 1c 08 3a 20 00 80 06 49 13 c0 a8 24 20 c0 a8 
24 1e 04 3b 00 17 62 a4 ae af 00 00 00 00 00 00 
00 00 00 00 00 00 00 00 00 00 00 00 

00 04 75 8d 49 c7 00 aa 00 30 91 09 08 00 45 00 
00 18 08 3a 00 02 80 06 69 15 c0 a8 24 20 c0 a8 
24 1e d0 77 00 00 00 00 00 00 00 00 00 00 00 00 
00 00 00 00 00 00 00 00 00 00 00 00 

00 04 75 8d 49 c7 00 aa 00 30 91 09 08 00 45 00 
00 1c 08 3a 20 01 80 06 49 12 c0 a8 24 20 c0 a8 
24 1e 2b e6 93 4c 50 10 40 f5 00 00 00 00 00 00 
00 00 00 00 00 00 00 00 00 00 00 00 

00 04 75 8d 49 c7 00 aa 00 30 91 09 08 00 45 00 
00 1c 08 3b 20 00 80 06 49 12 c0 a8 24 20 c0 a8 
24 1e 04 3b 00 17 62 a4 ae af 00 00 00 00 00 00 
00 00 00 00 00 00 00 00 00 00 00 00 

00 04 75 8d 49 c7 00 aa 00 30 91 09 08 00 45 00 
00 19 08 3b 00 02 80 06 69 13 c0 a8 24 20 c0 a8 
24 1e 67 6e 00 00 69 00 00 00 00 00 00 00 00 00 
00 00 00 00 00 00 00 00 00 00 00 00 

00 04 75 8d 49 c7 00 aa 00 30 91 09 08 00 45 00 
00 1c 08 3b 20 01 80 06 49 11 c0 a8 24 20 c0 a8 
24 1e 2b e6 93 4c 50 18 40 f5 00 00 00 00 00 00 
00 00 00 00 00 00 00 00 00 00 00 00 

00 aa 00 30 91 0d 00 04 75 8d 49 c7 08 00 45 10 
00 29 30 d2 40 00 40 06 40 5e c0 a8 24 1e c0 a8 
24 20 00 17 04 3b 2b e6 93 4c 62 a4 ae b0 50 18 
16 d0 91 92 00 00 69 00 00 00 00 00 

00 04 75 8d 49 c7 00 aa 00 30 91 09 08 00 45 00 
00 1c 08 3c 20 00 80 06 49 11 c0 a8 24 20 c0 a8 
24 1e 04 3b 00 17 62 a4 ae b0 00 00 00 00 00 00 
00 00 00 00 00 00 00 00 00 00 00 00 

00 04 75 8d 49 c7 00 aa 00 30 91 09 08 00 45 00 
00 19 08 3c 00 02 80 06 69 12 c0 a8 24 20 c0 a8 
24 1e 62 6d 00 00 6e 00 00 00 00 00 00 00 00 00 
00 00 00 00 00 00 00 00 00 00 00 00 

00 04 75 8d 49 c7 00 aa 00 30 91 09 08 00 45 00 
00 1c 08 3c 20 01 80 06 49 10 c0 a8 24 20 c0 a8 
24 1e 2b e6 93 4d 50 18 40 f4 00 00 00 00 00 00 
00 00 00 00 00 00 00 00 00 00 00 00 

00 aa 00 30 91 0d 00 04 75 8d 49 c7 08 00 45 10 
00 29 30 d3 40 00 40 06 40 5d c0 a8 24 1e c0 a8 
24 20 00 17 04 3b 2b e6 93 4d 62 a4 ae b1 50 18 
16 d0 8c 90 00 00 6e 00 00 00 00 00 

00 04 75 8d 49 c7 00 aa 00 30 91 09 08 00 45 00 
00 1c 08 3d 20 00 80 06 49 10 c0 a8 24 20 c0 a8 
24 1e 04 3b 00 17 62 a4 ae b1 00 00 00 00 00 00 
00 00 00 00 00 00 00 00 00 00 00 00 

00 04 75 8d 49 c7 00 aa 00 30 91 09 08 00 45 00 
00 18 08 3d 00 02 80 06 69 12 c0 a8 24 20 c0 a8 
24 1e d0 75 00 00 00 00 00 00 00 00 00 00 00 00 
00 00 00 00 00 00 00 00 00 00 00 00 

00 04 75 8d 49 c7 00 aa 00 30 91 09 08 00 45 00 
00 1c 08 3d 20 01 80 06 49 0f c0 a8 24 20 c0 a8 
24 1e 2b e6 93 4e 50 10 40 f3 00 00 00 00 00 00 
00 00 00 00 00 00 00 00 00 00 00 00 

00 04 75 8d 49 c7 00 aa 00 30 91 09 08 00 45 00 
00 1c 08 3e 20 00 80 06 49 0f c0 a8 24 20 c0 a8 
24 1e 04 3b 00 17 62 a4 ae b1 00 00 00 00 00 00 
00 00 00 00 00 00 00 00 00 00 00 00 

00 04 75 8d 49 c7 00 aa 00 30 91 09 08 00 45 00 
00 1a 08 3e 00 02 80 06 69 0f c0 a8 24 20 c0 a8 
24 1e c3 61 00 00 0d 0a 00 00 00 00 00 00 00 00 
00 00 00 00 00 00 00 00 00 00 00 00 

00 04 75 8d 49 c7 00 aa 00 30 91 09 08 00 45 00 
00 1c 08 3e 20 01 80 06 49 0e c0 a8 24 20 c0 a8 
24 1e 2b e6 93 4e 50 18 40 f3 00 00 00 00 00 00 
00 00 00 00 00 00 00 00 00 00 00 00 

00 aa 00 30 91 0d 00 04 75 8d 49 c7 08 00 45 10 
00 2a 30 d4 40 00 40 06 40 5b c0 a8 24 1e c0 a8 
24 20 00 17 04 3b 2b e6 93 4e 62 a4 ae b3 50 18 
16 d0 ed 82 00 00 0d 0a 00 00 00 00 

00 04 75 8d 49 c7 00 aa 00 30 91 09 08 00 45 00 
00 1c 08 3f 20 00 80 06 49 0e c0 a8 24 20 c0 a8 
24 1e 04 3b 00 17 62 a4 ae b3 00 00 00 00 00 00 
00 00 00 00 00 00 00 00 00 00 00 00 

00 04 75 8d 49 c7 00 aa 00 30 91 09 08 00 45 00 
00 18 08 3f 00 02 80 06 69 10 c0 a8 24 20 c0 a8 
24 1e d0 73 00 00 00 00 00 00 00 00 00 00 00 00 
00 00 00 00 00 00 00 00 00 00 00 00 

00 04 75 8d 49 c7 00 aa 00 30 91 09 08 00 45 00 
00 1c 08 3f 20 01 80 06 49 0d c0 a8 24 20 c0 a8 
24 1e 2b e6 93 50 50 10 40 f1 00 00 00 00 00 00 
00 00 00 00 00 00 00 00 00 00 00 00 

00 aa 00 30 91 0d 00 04 75 8d 49 c7 08 00 45 10 
00 32 30 d5 40 00 40 06 40 52 c0 a8 24 1e c0 a8 
24 20 00 17 04 3b 2b e6 93 50 62 a4 ae b3 50 18 
16 d0 12 ba 00 00 50 61 73 73 77 6f 72 64 3a 20 


00 04 75 8d 49 c7 00 aa 00 30 91 09 08 00 45 00 
00 1c 08 40 20 00 80 06 49 0d c0 a8 24 20 c0 a8 
24 1e 04 3b 00 17 62 a4 ae b3 00 00 00 00 00 00 
00 00 00 00 00 00 00 00 00 00 00 00 

00 04 75 8d 49 c7 00 aa 00 30 91 09 08 00 45 00 
00 18 08 40 00 02 80 06 69 0f c0 a8 24 20 c0 a8 
24 1e d0 73 00 00 00 00 00 00 00 00 00 00 00 00 
00 00 00 00 00 00 00 00 00 00 00 00 

00 04 75 8d 49 c7 00 aa 00 30 91 09 08 00 45 00 
00 1c 08 40 20 01 80 06 49 0c c0 a8 24 20 c0 a8 
24 1e 2b e6 93 5a 50 10 40 e7 00 00 00 00 00 00 
00 00 00 00 00 00 00 00 00 00 00 00 

00 04 75 8d 49 c7 00 aa 00 30 91 09 08 00 45 00 
00 1c 08 41 20 00 80 06 49 0c c0 a8 24 20 c0 a8 
24 1e 04 3b 00 17 62 a4 ae b3 00 00 00 00 00 00 
00 00 00 00 00 00 00 00 00 00 00 00 

00 04 75 8d 49 c7 00 aa 00 30 91 09 08 00 45 00 
00 19 08 41 00 02 80 06 69 0d c0 a8 24 20 c0 a8 
24 1e 69 6a 00 00 67 00 00 00 00 00 00 00 00 00 
00 00 00 00 00 00 00 00 00 00 00 00 

00 04 75 8d 49 c7 00 aa 00 30 91 09 08 00 45 00 
00 1c 08 41 20 01 80 06 49 0b c0 a8 24 20 c0 a8 
24 1e 2b e6 93 5a 50 18 40 e7 00 00 00 00 00 00 
00 00 00 00 00 00 00 00 00 00 00 00 

00 aa 00 30 91 0d 00 04 75 8d 49 c7 08 00 45 10 
00 28 30 d6 40 00 40 06 40 5b c0 a8 24 1e c0 a8 
24 20 00 17 04 3b 2b e6 93 5a 62 a4 ae b4 50 10 
16 d0 fa 89 00 00 00 00 00 00 00 00 

00 04 75 8d 49 c7 00 aa 00 30 91 09 08 00 45 00 
00 1c 08 42 20 00 80 06 49 0b c0 a8 24 20 c0 a8 
24 1e 04 3b 00 17 62 a4 ae b4 00 00 00 00 00 00 
00 00 00 00 00 00 00 00 00 00 00 00 

00 04 75 8d 49 c7 00 aa 00 30 91 09 08 00 45 00 
00 19 08 42 00 02 80 06 69 0c c0 a8 24 20 c0 a8 
24 1e 67 69 00 00 69 00 00 00 00 00 00 00 00 00 
00 00 00 00 00 00 00 00 00 00 00 00 

00 04 75 8d 49 c7 00 aa 00 30 91 09 08 00 45 00 
00 1c 08 42 20 01 80 06 49 0a c0 a8 24 20 c0 a8 
24 1e 2b e6 93 5a 50 18 40 e7 00 00 00 00 00 00 
00 00 00 00 00 00 00 00 00 00 00 00 

00 aa 00 30 91 0d 00 04 75 8d 49 c7 08 00 45 10 
00 28 30 d7 40 00 40 06 40 5a c0 a8 24 1e c0 a8 
24 20 00 17 04 3b 2b e6 93 5a 62 a4 ae b5 50 10 
16 d0 fa 88 00 00 00 00 00 00 00 00 

00 04 75 8d 49 c7 00 aa 00 30 91 09 08 00 45 00 
00 1c 08 43 20 00 80 06 49 0a c0 a8 24 20 c0 a8 
24 1e 04 3b 00 17 62 a4 ae b5 00 00 00 00 00 00 
00 00 00 00 00 00 00 00 00 00 00 00 

00 04 75 8d 49 c7 00 aa 00 30 91 09 08 00 45 00 
00 19 08 43 00 02 80 06 69 0b c0 a8 24 20 c0 a8 
24 1e 63 68 00 00 6d 00 00 00 00 00 00 00 00 00 
00 00 00 00 00 00 00 00 00 00 00 00 

00 04 75 8d 49 c7 00 aa 00 30 91 09 08 00 45 00 
00 1c 08 43 20 01 80 06 49 09 c0 a8 24 20 c0 a8 
24 1e 2b e6 93 5a 50 18 40 e7 00 00 00 00 00 00 
00 00 00 00 00 00 00 00 00 00 00 00 

00 aa 00 30 91 0d 00 04 75 8d 49 c7 08 00 45 10 
00 28 30 d8 40 00 40 06 40 59 c0 a8 24 1e c0 a8 
24 20 00 17 04 3b 2b e6 93 5a 62 a4 ae b6 50 10 
16 d0 fa 87 00 00 00 00 00 00 00 00 

00 04 75 8d 49 c7 00 aa 00 30 91 09 08 00 45 00 
00 1c 08 44 20 00 80 06 49 09 c0 a8 24 20 c0 a8 
24 1e 04 3b 00 17 62 a4 ae b6 00 00 00 00 00 00 
00 00 00 00 00 00 00 00 00 00 00 00 

00 04 75 8d 49 c7 00 aa 00 30 91 09 08 00 45 00 
00 19 08 44 00 02 80 06 69 0a c0 a8 24 20 c0 a8 
24 1e 63 67 00 00 6d 00 00 00 00 00 00 00 00 00 
00 00 00 00 00 00 00 00 00 00 00 00 

00 04 75 8d 49 c7 00 aa 00 30 91 09 08 00 45 00 
00 1c 08 44 20 01 80 06 49 08 c0 a8 24 20 c0 a8 
24 1e 2b e6 93 5a 50 18 40 e7 00 00 00 00 00 00 
00 00 00 00 00 00 00 00 00 00 00 00 

00 aa 00 30 91 0d 00 04 75 8d 49 c7 08 00 45 10 
00 28 30 d9 40 00 40 06 40 58 c0 a8 24 1e c0 a8 
24 20 00 17 04 3b 2b e6 93 5a 62 a4 ae b7 50 10 
16 d0 fa 86 00 00 00 00 00 00 00 00 

00 04 75 8d 49 c7 00 aa 00 30 91 09 08 00 45 00 
00 1c 08 45 20 00 80 06 49 08 c0 a8 24 20 c0 a8 
24 1e 04 3b 00 17 62 a4 ae b7 00 00 00 00 00 00 
00 00 00 00 00 00 00 00 00 00 00 00 

00 04 75 8d 49 c7 00 aa 00 30 91 09 08 00 45 00 
00 19 08 45 00 02 80 06 69 09 c0 a8 24 20 c0 a8 
24 1e 6b 66 00 00 65 00 00 00 00 00 00 00 00 00 
00 00 00 00 00 00 00 00 00 00 00 00 

00 04 75 8d 49 c7 00 aa 00 30 91 09 08 00 45 00 
00 1c 08 45 20 01 80 06 49 07 c0 a8 24 20 c0 a8 
24 1e 2b e6 93 5a 50 18 40 e7 00 00 00 00 00 00 
00 00 00 00 00 00 00 00 00 00 00 00 

00 aa 00 30 91 0d 00 04 75 8d 49 c7 08 00 45 10 
00 28 30 da 40 00 40 06 40 57 c0 a8 24 1e c0 a8 
24 20 00 17 04 3b 2b e6 93 5a 62 a4 ae b8 50 10 
16 d0 fa 85 00 00 00 00 00 00 00 00 

00 04 75 8d 49 c7 00 aa 00 30 91 09 08 00 45 00 
00 1c 08 46 20 00 80 06 49 07 c0 a8 24 20 c0 a8 
24 1e 04 3b 00 17 62 a4 ae b8 00 00 00 00 00 00 
00 00 00 00 00 00 00 00 00 00 00 00 

00 04 75 8d 49 c7 00 aa 00 30 91 09 08 00 45 00 
00 1a 08 46 00 02 80 06 69 07 c0 a8 24 20 c0 a8 
24 1e c3 5a 00 00 0d 0a 00 00 00 00 00 00 00 00 
00 00 00 00 00 00 00 00 00 00 00 00 

00 04 75 8d 49 c7 00 aa 00 30 91 09 08 00 45 00 
00 1c 08 46 20 01 80 06 49 06 c0 a8 24 20 c0 a8 
24 1e 2b e6 93 5a 50 18 40 e7 00 00 00 00 00 00 
00 00 00 00 00 00 00 00 00 00 00 00 

00 aa 00 30 91 0d 00 04 75 8d 49 c7 08 00 45 10 
00 28 30 db 40 00 40 06 40 56 c0 a8 24 1e c0 a8 
24 20 00 17 04 3b 2b e6 93 5a 62 a4 ae ba 50 10 
16 d0 fa 83 00 00 00 00 00 00 00 00 

00 aa 00 30 91 0d 00 04 75 8d 49 c7 08 00 45 10 
00 2a 30 dc 40 00 40 06 40 53 c0 a8 24 1e c0 a8 
24 20 00 17 04 3b 2b e6 93 5a 62 a4 ae ba 50 18 
16 d0 ed 6f 00 00 0d 0a 40 40 40 40 

00 04 75 8d 49 c7 00 aa 00 30 91 09 08 00 45 00 
00 1c 08 47 20 00 80 06 49 06 c0 a8 24 20 c0 a8 
24 1e 04 3b 00 17 62 a4 ae ba 00 00 00 00 00 00 
00 00 00 00 00 00 00 00 00 00 00 00 

00 04 75 8d 49 c7 00 aa 00 30 91 09 08 00 45 00 
00 18 08 47 00 02 80 06 69 08 c0 a8 24 20 c0 a8 
24 1e d0 6c 00 00 00 00 00 00 00 00 00 00 00 00 
00 00 00 00 00 00 00 00 00 00 00 00 

00 04 75 8d 49 c7 00 aa 00 30 91 09 08 00 45 00 
00 1c 08 47 20 01 80 06 49 05 c0 a8 24 20 c0 a8 
24 1e 2b e6 93 5c 50 10 40 e5 00 00 00 00 00 00 
00 00 00 00 00 00 00 00 00 00 00 00 

00 aa 00 30 91 0d 00 04 75 8d 49 c7 08 00 45 10 
00 42 30 dd 40 00 40 06 40 3a c0 a8 24 1e c0 a8 
24 20 00 17 04 3b 2b e6 93 5c 62 a4 ae ba 50 18 
16 d0 98 36 00 00 4c 6f 67 69 6e 20 69 6e 63 6f 
72 72 65 63 74 0d 0a 0d 0a 6c 6f 67 69 6e 3a 20 


00 04 75 8d 49 c7 00 aa 00 30 91 09 08 00 45 00 
00 1c 08 48 20 00 80 06 49 05 c0 a8 24 20 c0 a8 
24 1e 04 3b 00 17 62 a4 ae ba 00 00 00 00 00 00 
00 00 00 00 00 00 00 00 00 00 00 00 

00 04 75 8d 49 c7 00 aa 00 30 91 09 08 00 45 00 
00 18 08 48 00 02 80 06 69 07 c0 a8 24 20 c0 a8 
24 1e d0 6c 00 00 00 00 00 00 00 00 00 00 00 00 
00 00 00 00 00 00 00 00 00 00 00 00 

00 04 75 8d 49 c7 00 aa 00 30 91 09 08 00 45 00 
00 1c 08 48 20 01 80 06 49 04 c0 a8 24 20 c0 a8 
24 1e 2b e6 93 76 50 10 40 cb 00 00 00 00 00 00 
00 00 00 00 00 00 00 00 00 00 00 00 

00 04 75 8d 49 c7 00 aa 00 30 91 09 08 00 45 00 
00 1c 08 49 20 00 80 06 49 04 c0 a8 24 20 c0 a8 
24 1e 04 3b 00 17 62 a4 ae ba 00 00 00 00 00 00 
00 00 00 00 00 00 00 00 00 00 00 00 

00 04 75 8d 49 c7 00 aa 00 30 91 09 08 00 45 00 
00 19 08 49 00 02 80 06 69 05 c0 a8 24 20 c0 a8 
24 1e 66 63 00 00 6a 00 00 00 00 00 00 00 00 00 
00 00 00 00 00 00 00 00 00 00 00 00 

00 04 75 8d 49 c7 00 aa 00 30 91 09 08 00 45 00 
00 1c 08 49 20 01 80 06 49 03 c0 a8 24 20 c0 a8 
24 1e 2b e6 93 76 50 18 40 cb 00 00 00 00 00 00 
00 00 00 00 00 00 00 00 00 00 00 00 

00 aa 00 30 91 0d 00 04 75 8d 49 c7 08 00 45 10 
00 29 30 de 40 00 40 06 40 52 c0 a8 24 1e c0 a8 
24 20 00 17 04 3b 2b e6 93 76 62 a4 ae bb 50 18 
16 d0 90 5d 00 00 6a 00 00 00 00 00 

00 04 75 8d 49 c7 00 aa 00 30 91 09 08 00 45 00 
00 1c 08 4a 20 00 80 06 49 03 c0 a8 24 20 c0 a8 
24 1e 04 3b 00 17 62 a4 ae bb 00 00 00 00 00 00 
00 00 00 00 00 00 00 00 00 00 00 00 

00 04 75 8d 49 c7 00 aa 00 30 91 09 08 00 45 00 
00 19 08 4a 00 02 80 06 69 04 c0 a8 24 20 c0 a8 
24 1e 61 62 00 00 6f 00 00 00 00 00 00 00 00 00 
00 00 00 00 00 00 00 00 00 00 00 00 

00 04 75 8d 49 c7 00 aa 00 30 91 09 08 00 45 00 
00 1c 08 4a 20 01 80 06 49 02 c0 a8 24 20 c0 a8 
24 1e 2b e6 93 77 50 18 40 ca 00 00 00 00 00 00 
00 00 00 00 00 00 00 00 00 00 00 00 

00 aa 00 30 91 0d 00 04 75 8d 49 c7 08 00 45 10 
00 29 30 df 40 00 40 06 40 51 c0 a8 24 1e c0 a8 
24 20 00 17 04 3b 2b e6 93 77 62 a4 ae bc 50 18 
16 d0 8b 5b 00 00 6f 00 00 00 00 00 

00 04 75 8d 49 c7 00 aa 00 30 91 09 08 00 45 00 
00 1c 08 4b 20 00 80 06 49 02 c0 a8 24 20 c0 a8 
24 1e 04 3b 00 17 62 a4 ae bc 00 00 00 00 00 00 
00 00 00 00 00 00 00 00 00 00 00 00 

00 04 75 8d 49 c7 00 aa 00 30 91 09 08 00 45 00 
00 18 08 4b 00 02 80 06 69 04 c0 a8 24 20 c0 a8 
24 1e d0 6a 00 00 00 00 00 00 00 00 00 00 00 00 
00 00 00 00 00 00 00 00 00 00 00 00 

00 04 75 8d 49 c7 00 aa 00 30 91 09 08 00 45 00 
00 1c 08 4b 20 01 80 06 49 01 c0 a8 24 20 c0 a8 
24 1e 2b e6 93 78 50 10 40 c9 00 00 00 00 00 00 
00 00 00 00 00 00 00 00 00 00 00 00 

00 04 75 8d 49 c7 00 aa 00 30 91 09 08 00 45 00 
00 1c 08 4c 20 00 80 06 49 01 c0 a8 24 20 c0 a8 
24 1e 04 3b 00 17 62 a4 ae bc 00 00 00 00 00 00 
00 00 00 00 00 00 00 00 00 00 00 00 

00 04 75 8d 49 c7 00 aa 00 30 91 09 08 00 45 00 
00 19 08 4c 00 02 80 06 69 02 c0 a8 24 20 c0 a8 
24 1e 65 61 00 00 6b 00 00 00 00 00 00 00 00 00 
00 00 00 00 00 00 00 00 00 00 00 00 

00 04 75 8d 49 c7 00 aa 00 30 91 09 08 00 45 00 
00 1c 08 4c 20 01 80 06 49 00 c0 a8 24 20 c0 a8 
24 1e 2b e6 93 78 50 18 40 c9 00 00 00 00 00 00 
00 00 00 00 00 00 00 00 00 00 00 00 

00 aa 00 30 91 0d 00 04 75 8d 49 c7 08 00 45 10 
00 29 30 e0 40 00 40 06 40 50 c0 a8 24 1e c0 a8 
24 20 00 17 04 3b 2b e6 93 78 62 a4 ae bd 50 18 
16 d0 8f 59 00 00 6b 00 00 00 00 00 

00 04 75 8d 49 c7 00 aa 00 30 91 09 08 00 45 00 
00 1c 08 4d 20 00 80 06 49 00 c0 a8 24 20 c0 a8 
24 1e 04 3b 00 17 62 a4 ae bd 00 00 00 00 00 00 
00 00 00 00 00 00 00 00 00 00 00 00 

00 04 75 8d 49 c7 00 aa 00 30 91 09 08 00 45 00 
00 19 08 4d 00 02 80 06 69 01 c0 a8 24 20 c0 a8 
24 1e 6b 60 00 00 65 00 00 00 00 00 00 00 00 00 
00 00 00 00 00 00 00 00 00 00 00 00 

00 04 75 8d 49 c7 00 aa 00 30 91 09 08 00 45 00 
00 1c 08 4d 20 01 80 06 48 ff c0 a8 24 20 c0 a8 
24 1e 2b e6 93 79 50 18 40 c8 00 00 00 00 00 00 
00 00 00 00 00 00 00 00 00 00 00 00 

00 aa 00 30 91 0d 00 04 75 8d 49 c7 08 00 45 10 
00 29 30 e1 40 00 40 06 40 4f c0 a8 24 1e c0 a8 
24 20 00 17 04 3b 2b e6 93 79 62 a4 ae be 50 18 
16 d0 95 57 00 00 65 00 00 00 00 00 

00 04 75 8d 49 c7 00 aa 00 30 91 09 08 00 45 00 
00 1c 08 4e 20 00 80 06 48 ff c0 a8 24 20 c0 a8 
24 1e 04 3b 00 17 62 a4 ae be 00 00 00 00 00 00 
00 00 00 00 00 00 00 00 00 00 00 00 

00 04 75 8d 49 c7 00 aa 00 30 91 09 08 00 45 00 
00 19 08 4e 00 02 80 06 69 00 c0 a8 24 20 c0 a8 
24 1e 5e 5f 00 00 72 00 00 00 00 00 00 00 00 00 
00 00 00 00 00 00 00 00 00 00 00 00 

00 04 75 8d 49 c7 00 aa 00 30 91 09 08 00 45 00 
00 1c 08 4e 20 01 80 06 48 fe c0 a8 24 20 c0 a8 
24 1e 2b e6 93 7a 50 18 40 c7 00 00 00 00 00 00 
00 00 00 00 00 00 00 00 00 00 00 00 

00 aa 00 30 91 0d 00 04 75 8d 49 c7 08 00 45 10 
00 29 30 e2 40 00 40 06 40 4e c0 a8 24 1e c0 a8 
24 20 00 17 04 3b 2b e6 93 7a 62 a4 ae bf 50 18 
16 d0 88 55 00 00 72 00 00 00 00 00 

00 04 75 8d 49 c7 00 aa 00 30 91 09 08 00 45 00 
00 1c 08 4f 20 00 80 06 48 fe c0 a8 24 20 c0 a8 
24 1e 04 3b 00 17 62 a4 ae bf 00 00 00 00 00 00 
00 00 00 00 00 00 00 00 00 00 00 00 

00 04 75 8d 49 c7 00 aa 00 30 91 09 08 00 45 00 
00 19 08 4f 00 02 80 06 68 ff c0 a8 24 20 c0 a8 
24 1e c8 5e 00 00 08 00 00 00 00 00 00 00 00 00 
00 00 00 00 00 00 00 00 00 00 00 00 

00 04 75 8d 49 c7 00 aa 00 30 91 09 08 00 45 00 
00 1c 08 4f 20 01 80 06 48 fd c0 a8 24 20 c0 a8 
24 1e 2b e6 93 7b 50 18 40 c6 00 00 00 00 00 00 
00 00 00 00 00 00 00 00 00 00 00 00 

00 aa 00 30 91 0d 00 04 75 8d 49 c7 08 00 45 10 
00 2a 30 e3 40 00 40 06 40 4c c0 a8 24 1e c0 a8 
24 20 00 17 04 3b 2b e6 93 7b 62 a4 ae c0 50 18 
16 d0 9c 0a 00 00 5e 48 16 16 16 16 

00 04 75 8d 49 c7 00 aa 00 30 91 09 08 00 45 00 
00 1c 08 50 20 00 80 06 48 fd c0 a8 24 20 c0 a8 
24 1e 04 3b 00 17 62 a4 ae c0 00 00 00 00 00 00 
00 00 00 00 00 00 00 00 00 00 00 00 

00 04 75 8d 49 c7 00 aa 00 30 91 09 08 00 45 00 
00 18 08 50 00 02 80 06 68 ff c0 a8 24 20 c0 a8 
24 1e d0 66 00 00 00 00 00 00 00 00 00 00 00 00 
00 00 00 00 00 00 00 00 00 00 00 00 

00 04 75 8d 49 c7 00 aa 00 30 91 09 08 00 45 00 
00 1c 08 50 20 01 80 06 48 fc c0 a8 24 20 c0 a8 
24 1e 2b e6 93 7d 50 10 40 c4 00 00 00 00 00 00 
00 00 00 00 00 00 00 00 00 00 00 00 

00 04 75 8d 49 c7 00 aa 00 30 91 09 08 00 45 00 
00 1c 08 51 20 00 80 06 48 fc c0 a8 24 20 c0 a8 
24 1e 04 3b 00 17 62 a4 ae c0 00 00 00 00 00 00 
00 00 00 00 00 00 00 00 00 00 00 00 

00 04 75 8d 49 c7 00 aa 00 30 91 09 08 00 45 00 
00 19 08 51 00 02 80 06 68 fd c0 a8 24 20 c0 a8 
24 1e c8 5d 00 00 08 00 00 00 00 00 00 00 00 00 
00 00 00 00 00 00 00 00 00 00 00 00 

00 04 75 8d 49 c7 00 aa 00 30 91 09 08 00 45 00 
00 1c 08 51 20 01 80 06 48 fb c0 a8 24 20 c0 a8 
24 1e 2b e6 93 7d 50 18 40 c4 00 00 00 00 00 00 
00 00 00 00 00 00 00 00 00 00 00 00 

00 aa 00 30 91 0d 00 04 75 8d 49 c7 08 00 45 10 
00 2a 30 e4 40 00 40 06 40 4b c0 a8 24 1e c0 a8 
24 20 00 17 04 3b 2b e6 93 7d 62 a4 ae c1 50 18 
16 d0 9c 07 00 00 5e 48 16 16 16 16 

00 04 75 8d 49 c7 00 aa 00 30 91 09 08 00 45 00 
00 1c 08 52 20 00 80 06 48 fb c0 a8 24 20 c0 a8 
24 1e 04 3b 00 17 62 a4 ae c1 00 00 00 00 00 00 
00 00 00 00 00 00 00 00 00 00 00 00 

00 04 75 8d 49 c7 00 aa 00 30 91 09 08 00 45 00 
00 19 08 52 00 02 80 06 68 fc c0 a8 24 20 c0 a8 
24 1e c8 5c 00 00 08 00 00 00 00 00 00 00 00 00 
00 00 00 00 00 00 00 00 00 00 00 00 

00 04 75 8d 49 c7 00 aa 00 30 91 09 08 00 45 00 
00 1c 08 52 20 01 80 06 48 fa c0 a8 24 20 c0 a8 
24 1e 2b e6 93 7f 50 18 40 c2 00 00 00 00 00 00 
00 00 00 00 00 00 00 00 00 00 00 00 

00 aa 00 30 91 0d 00 04 75 8d 49 c7 08 00 45 10 
00 2a 30 e5 40 00 40 06 40 4a c0 a8 24 1e c0 a8 
24 20 00 17 04 3b 2b e6 93 7f 62 a4 ae c2 50 18 
16 d0 9c 04 00 00 5e 48 16 16 16 16 

00 04 75 8d 49 c7 00 aa 00 30 91 09 08 00 45 00 
00 1c 08 53 20 00 80 06 48 fa c0 a8 24 20 c0 a8 
24 1e 04 3b 00 17 62 a4 ae c2 00 00 00 00 00 00 
00 00 00 00 00 00 00 00 00 00 00 00 

00 04 75 8d 49 c7 00 aa 00 30 91 09 08 00 45 00 
00 18 08 53 00 02 80 06 68 fc c0 a8 24 20 c0 a8 
24 1e d0 64 00 00 00 00 00 00 00 00 00 00 00 00 
00 00 00 00 00 00 00 00 00 00 00 00 

00 04 75 8d 49 c7 00 aa 00 30 91 09 08 00 45 00 
00 1c 08 53 20 01 80 06 48 f9 c0 a8 24 20 c0 a8 
24 1e 2b e6 93 81 50 10 40 c0 00 00 00 00 00 00 
00 00 00 00 00 00 00 00 00 00 00 00 

00 04 75 8d 49 c7 00 aa 00 30 91 09 08 00 45 00 
00 1c 08 54 20 00 80 06 48 f9 c0 a8 24 20 c0 a8 
24 1e 04 3b 00 17 62 a4 ae c2 00 00 00 00 00 00 
00 00 00 00 00 00 00 00 00 00 00 00 

00 04 75 8d 49 c7 00 aa 00 30 91 09 08 00 45 00 
00 19 08 54 00 02 80 06 68 fa c0 a8 24 20 c0 a8 
24 1e c8 5b 00 00 08 00 00 00 00 00 00 00 00 00 
00 00 00 00 00 00 00 00 00 00 00 00 

00 04 75 8d 49 c7 00 aa 00 30 91 09 08 00 45 00 
00 1c 08 54 20 01 80 06 48 f8 c0 a8 24 20 c0 a8 
24 1e 2b e6 93 81 50 18 40 c0 00 00 00 00 00 00 
00 00 00 00 00 00 00 00 00 00 00 00 

00 aa 00 30 91 0d 00 04 75 8d 49 c7 08 00 45 10 
00 2a 30 e6 40 00 40 06 40 49 c0 a8 24 1e c0 a8 
24 20 00 17 04 3b 2b e6 93 81 62 a4 ae c3 50 18 
16 d0 9c 01 00 00 5e 48 16 16 16 16 

00 04 75 8d 49 c7 00 aa 00 30 91 09 08 00 45 00 
00 1c 08 55 20 00 80 06 48 f8 c0 a8 24 20 c0 a8 
24 1e 04 3b 00 17 62 a4 ae c3 00 00 00 00 00 00 
00 00 00 00 00 00 00 00 00 00 00 00 

00 04 75 8d 49 c7 00 aa 00 30 91 09 08 00 45 00 
00 19 08 55 00 02 80 06 68 f9 c0 a8 24 20 c0 a8 
24 1e c8 5a 00 00 08 00 00 00 00 00 00 00 00 00 
00 00 00 00 00 00 00 00 00 00 00 00 

00 04 75 8d 49 c7 00 aa 00 30 91 09 08 00 45 00 
00 1c 08 55 20 01 80 06 48 f7 c0 a8 24 20 c0 a8 
24 1e 2b e6 93 83 50 18 40 be 00 00 00 00 00 00 
00 00 00 00 00 00 00 00 00 00 00 00 

00 aa 00 30 91 0d 00 04 75 8d 49 c7 08 00 45 10 
00 2a 30 e7 40 00 40 06 40 48 c0 a8 24 1e c0 a8 
24 20 00 17 04 3b 2b e6 93 83 62 a4 ae c4 50 18 
16 d0 9b fe 00 00 5e 48 16 16 16 16 

00 04 75 8d 49 c7 00 aa 00 30 91 09 08 00 45 00 
00 1c 08 56 20 00 80 06 48 f7 c0 a8 24 20 c0 a8 
24 1e 04 3b 00 17 62 a4 ae c4 00 00 00 00 00 00 
00 00 00 00 00 00 00 00 00 00 00 00 

00 04 75 8d 49 c7 00 aa 00 30 91 09 08 00 45 00 
00 19 08 56 00 02 80 06 68 f8 c0 a8 24 20 c0 a8 
24 1e c8 59 00 00 08 00 00 00 00 00 00 00 00 00 
00 00 00 00 00 00 00 00 00 00 00 00 

00 04 75 8d 49 c7 00 aa 00 30 91 09 08 00 45 00 
00 1c 08 56 20 01 80 06 48 f6 c0 a8 24 20 c0 a8 
24 1e 2b e6 93 85 50 18 40 bc 00 00 00 00 00 00 
00 00 00 00 00 00 00 00 00 00 00 00 

00 aa 00 30 91 0d 00 04 75 8d 49 c7 08 00 45 10 
00 2a 30 e8 40 00 40 06 40 47 c0 a8 24 1e c0 a8 
24 20 00 17 04 3b 2b e6 93 85 62 a4 ae c5 50 18 
16 d0 9b fb 00 00 5e 48 16 16 16 16 

00 04 75 8d 49 c7 00 aa 00 30 91 09 08 00 45 00 
00 1c 08 57 20 00 80 06 48 f6 c0 a8 24 20 c0 a8 
24 1e 04 3b 00 17 62 a4 ae c5 00 00 00 00 00 00 
00 00 00 00 00 00 00 00 00 00 00 00 

00 04 75 8d 49 c7 00 aa 00 30 91 09 08 00 45 00 
00 18 08 57 00 02 80 06 68 f8 c0 a8 24 20 c0 a8 
24 1e d0 61 00 00 00 00 00 00 00 00 00 00 00 00 
00 00 00 00 00 00 00 00 00 00 00 00 

00 04 75 8d 49 c7 00 aa 00 30 91 09 08 00 45 00 
00 1c 08 57 20 01 80 06 48 f5 c0 a8 24 20 c0 a8 
24 1e 2b e6 93 87 50 10 40 ba 00 00 00 00 00 00 
00 00 00 00 00 00 00 00 00 00 00 00 

00 04 75 8d 49 c7 00 aa 00 30 91 09 08 00 45 00 
00 1c 08 58 20 00 80 06 48 f5 c0 a8 24 20 c0 a8 
24 1e 04 3b 00 17 62 a4 ae c5 00 00 00 00 00 00 
00 00 00 00 00 00 00 00 00 00 00 00 

00 04 75 8d 49 c7 00 aa 00 30 91 09 08 00 45 00 
00 19 08 58 00 02 80 06 68 f6 c0 a8 24 20 c0 a8 
24 1e c8 58 00 00 08 00 00 00 00 00 00 00 00 00 
00 00 00 00 00 00 00 00 00 00 00 00 

00 04 75 8d 49 c7 00 aa 00 30 91 09 08 00 45 00 
00 1c 08 58 20 01 80 06 48 f4 c0 a8 24 20 c0 a8 
24 1e 2b e6 93 87 50 18 40 ba 00 00 00 00 00 00 
00 00 00 00 00 00 00 00 00 00 00 00 

00 aa 00 30 91 0d 00 04 75 8d 49 c7 08 00 45 10 
00 2a 30 e9 40 00 40 06 40 46 c0 a8 24 1e c0 a8 
24 20 00 17 04 3b 2b e6 93 87 62 a4 ae c6 50 18 
16 d0 9b f8 00 00 5e 48 16 16 16 16 

00 04 75 8d 49 c7 00 aa 00 30 91 09 08 00 45 00 
00 1c 08 59 20 00 80 06 48 f4 c0 a8 24 20 c0 a8 
24 1e 04 3b 00 17 62 a4 ae c6 00 00 00 00 00 00 
00 00 00 00 00 00 00 00 00 00 00 00 

00 04 75 8d 49 c7 00 aa 00 30 91 09 08 00 45 00 
00 19 08 59 00 02 80 06 68 f5 c0 a8 24 20 c0 a8 
24 1e c8 57 00 00 08 00 00 00 00 00 00 00 00 00 
00 00 00 00 00 00 00 00 00 00 00 00 

00 04 75 8d 49 c7 00 aa 00 30 91 09 08 00 45 00 
00 1c 08 59 20 01 80 06 48 f3 c0 a8 24 20 c0 a8 
24 1e 2b e6 93 89 50 18 40 b8 00 00 00 00 00 00 
00 00 00 00 00 00 00 00 00 00 00 00 

00 aa 00 30 91 0d 00 04 75 8d 49 c7 08 00 45 10 
00 2a 30 ea 40 00 40 06 40 45 c0 a8 24 1e c0 a8 
24 20 00 17 04 3b 2b e6 93 89 62 a4 ae c7 50 18 
16 d0 9b f5 00 00 5e 48 16 16 16 16 

00 04 75 8d 49 c7 00 aa 00 30 91 09 08 00 45 00 
00 1c 08 5a 20 00 80 06 48 f3 c0 a8 24 20 c0 a8 
24 1e 04 3b 00 17 62 a4 ae c7 00 00 00 00 00 00 
00 00 00 00 00 00 00 00 00 00 00 00 

00 04 75 8d 49 c7 00 aa 00 30 91 09 08 00 45 00 
00 18 08 5a 00 02 80 06 68 f5 c0 a8 24 20 c0 a8 
24 1e d0 5f 00 00 00 00 00 00 00 00 00 00 00 00 
00 00 00 00 00 00 00 00 00 00 00 00 

00 04 75 8d 49 c7 00 aa 00 30 91 09 08 00 45 00 
00 1c 08 5a 20 01 80 06 48 f2 c0 a8 24 20 c0 a8 
24 1e 2b e6 93 8b 50 10 40 b6 00 00 00 00 00 00 
00 00 00 00 00 00 00 00 00 00 00 00 

00 04 75 8d 49 c7 00 aa 00 30 91 09 08 00 45 00 
00 1c 08 5b 20 00 80 06 48 f2 c0 a8 24 20 c0 a8 
24 1e 04 3b 00 17 62 a4 ae c7 00 00 00 00 00 00 
00 00 00 00 00 00 00 00 00 00 00 00 

00 04 75 8d 49 c7 00 aa 00 30 91 09 08 00 45 00 
00 19 08 5b 00 02 80 06 68 f3 c0 a8 24 20 c0 a8 
24 1e c8 56 00 00 08 00 00 00 00 00 00 00 00 00 
00 00 00 00 00 00 00 00 00 00 00 00 

00 04 75 8d 49 c7 00 aa 00 30 91 09 08 00 45 00 
00 1c 08 5b 20 01 80 06 48 f1 c0 a8 24 20 c0 a8 
24 1e 2b e6 93 8b 50 18 40 b6 00 00 00 00 00 00 
00 00 00 00 00 00 00 00 00 00 00 00 

00 aa 00 30 91 0d 00 04 75 8d 49 c7 08 00 45 10 
00 2a 30 eb 40 00 40 06 40 44 c0 a8 24 1e c0 a8 
24 20 00 17 04 3b 2b e6 93 8b 62 a4 ae c8 50 18 
16 d0 9b f2 00 00 5e 48 40 40 40 40 

00 04 75 8d 49 c7 00 aa 00 30 91 09 08 00 45 00 
00 1c 08 5c 20 00 80 06 48 f1 c0 a8 24 20 c0 a8 
24 1e 04 3b 00 17 62 a4 ae c8 00 00 00 00 00 00 
00 00 00 00 00 00 00 00 00 00 00 00 

00 04 75 8d 49 c7 00 aa 00 30 91 09 08 00 45 00 
00 19 08 5c 00 02 80 06 68 f2 c0 a8 24 20 c0 a8 
24 1e c8 55 00 00 08 00 00 00 00 00 00 00 00 00 
00 00 00 00 00 00 00 00 00 00 00 00 

00 04 75 8d 49 c7 00 aa 00 30 91 09 08 00 45 00 
00 1c 08 5c 20 01 80 06 48 f0 c0 a8 24 20 c0 a8 
24 1e 2b e6 93 8d 50 18 40 b4 00 00 00 00 00 00 
00 00 00 00 00 00 00 00 00 00 00 00 

00 aa 00 30 91 0d 00 04 75 8d 49 c7 08 00 45 10 
00 2a 30 ec 40 00 40 06 40 43 c0 a8 24 1e c0 a8 
24 20 00 17 04 3b 2b e6 93 8d 62 a4 ae c9 50 18 
16 d0 9b ef 00 00 5e 48 40 40 40 40 

00 04 75 8d 49 c7 00 aa 00 30 91 09 08 00 45 00 
00 1c 08 5d 20 00 80 06 48 f0 c0 a8 24 20 c0 a8 
24 1e 04 3b 00 17 62 a4 ae c9 00 00 00 00 00 00 
00 00 00 00 00 00 00 00 00 00 00 00 

00 04 75 8d 49 c7 00 aa 00 30 91 09 08 00 45 00 
00 19 08 5d 00 02 80 06 68 f1 c0 a8 24 20 c0 a8 
24 1e c8 54 00 00 08 00 00 00 00 00 00 00 00 00 
00 00 00 00 00 00 00 00 00 00 00 00 

00 04 75 8d 49 c7 00 aa 00 30 91 09 08 00 45 00 
00 1c 08 5d 20 01 80 06 48 ef c0 a8 24 20 c0 a8 
24 1e 2b e6 93 8f 50 18 40 b2 00 00 00 00 00 00 
00 00 00 00 00 00 00 00 00 00 00 00 

00 aa 00 30 91 0d 00 04 75 8d 49 c7 08 00 45 10 
00 2a 30 ed 40 00 40 06 40 42 c0 a8 24 1e c0 a8 
24 20 00 17 04 3b 2b e6 93 8f 62 a4 ae ca 50 18 
16 d0 9b ec 00 00 5e 48 40 40 40 40 

00 04 75 8d 49 c7 00 aa 00 30 91 09 08 00 45 00 
00 1c 08 5e 20 00 80 06 48 ef c0 a8 24 20 c0 a8 
24 1e 04 3b 00 17 62 a4 ae ca 00 00 00 00 00 00 
00 00 00 00 00 00 00 00 00 00 00 00 

00 04 75 8d 49 c7 00 aa 00 30 91 09 08 00 45 00 
00 19 08 5e 00 02 80 06 68 f0 c0 a8 24 20 c0 a8 
24 1e c8 53 00 00 08 00 00 00 00 00 00 00 00 00 
00 00 00 00 00 00 00 00 00 00 00 00 

00 04 75 8d 49 c7 00 aa 00 30 91 09 08 00 45 00 
00 1c 08 5e 20 01 80 06 48 ee c0 a8 24 20 c0 a8 
24 1e 2b e6 93 91 50 18 40 b0 00 00 00 00 00 00 
00 00 00 00 00 00 00 00 00 00 00 00 

00 aa 00 30 91 0d 00 04 75 8d 49 c7 08 00 45 10 
00 2a 30 ee 40 00 40 06 40 41 c0 a8 24 1e c0 a8 
24 20 00 17 04 3b 2b e6 93 91 62 a4 ae cb 50 18 
16 d0 9b e9 00 00 5e 48 40 40 40 40 

00 04 75 8d 49 c7 00 aa 00 30 91 09 08 00 45 00 
00 1c 08 5f 20 00 80 06 48 ee c0 a8 24 20 c0 a8 
24 1e 04 3b 00 17 62 a4 ae cb 00 00 00 00 00 00 
00 00 00 00 00 00 00 00 00 00 00 00 

00 04 75 8d 49 c7 00 aa 00 30 91 09 08 00 45 00 
00 18 08 5f 00 02 80 06 68 f0 c0 a8 24 20 c0 a8 
24 1e d0 5b 00 00 00 00 00 00 00 00 00 00 00 00 
00 00 00 00 00 00 00 00 00 00 00 00 

00 04 75 8d 49 c7 00 aa 00 30 91 09 08 00 45 00 
00 1c 08 5f 20 01 80 06 48 ed c0 a8 24 20 c0 a8 
24 1e 2b e6 93 93 50 10 40 ae 00 00 00 00 00 00 
00 00 00 00 00 00 00 00 00 00 00 00 

00 04 75 8d 49 c7 00 aa 00 30 91 09 08 00 45 00 
00 1c 08 60 20 00 80 06 48 ed c0 a8 24 20 c0 a8 
24 1e 04 3b 00 17 62 a4 ae cb 00 00 00 00 00 00 
00 00 00 00 00 00 00 00 00 00 00 00 

00 04 75 8d 49 c7 00 aa 00 30 91 09 08 00 45 00 
00 1a 08 60 00 02 80 06 68 ed c0 a8 24 20 c0 a8 
24 1e c3 47 00 00 0d 0a 00 00 00 00 00 00 00 00 
00 00 00 00 00 00 00 00 00 00 00 00 

00 04 75 8d 49 c7 00 aa 00 30 91 09 08 00 45 00 
00 1c 08 60 20 01 80 06 48 ec c0 a8 24 20 c0 a8 
24 1e 2b e6 93 93 50 18 40 ae 00 00 00 00 00 00 
00 00 00 00 00 00 00 00 00 00 00 00 

00 aa 00 30 91 0d 00 04 75 8d 49 c7 08 00 45 10 
00 2a 30 ef 40 00 40 06 40 40 c0 a8 24 1e c0 a8 
24 20 00 17 04 3b 2b e6 93 93 62 a4 ae cd 50 18 
16 d0 ed 23 00 00 0d 0a 40 40 40 40 

00 04 75 8d 49 c7 00 aa 00 30 91 09 08 00 45 00 
00 1c 08 61 20 00 80 06 48 ec c0 a8 24 20 c0 a8 
24 1e 04 3b 00 17 62 a4 ae cd 00 00 00 00 00 00 
00 00 00 00 00 00 00 00 00 00 00 00 

00 04 75 8d 49 c7 00 aa 00 30 91 09 08 00 45 00 
00 18 08 61 00 02 80 06 68 ee c0 a8 24 20 c0 a8 
24 1e d0 59 00 00 00 00 00 00 00 00 00 00 00 00 
00 00 00 00 00 00 00 00 00 00 00 00 

00 04 75 8d 49 c7 00 aa 00 30 91 09 08 00 45 00 
00 1c 08 61 20 01 80 06 48 eb c0 a8 24 20 c0 a8 
24 1e 2b e6 93 95 50 10 40 ac 00 00 00 00 00 00 
00 00 00 00 00 00 00 00 00 00 00 00 

00 aa 00 30 91 0d 00 04 75 8d 49 c7 08 00 45 10 
00 32 30 f0 40 00 40 06 40 37 c0 a8 24 1e c0 a8 
24 20 00 17 04 3b 2b e6 93 95 62 a4 ae cd 50 18 
16 d0 12 5b 00 00 50 61 73 73 77 6f 72 64 3a 20 


00 04 75 8d 49 c7 00 aa 00 30 91 09 08 00 45 00 
00 1c 08 62 20 00 80 06 48 eb c0 a8 24 20 c0 a8 
24 1e 04 3b 00 17 62 a4 ae cd 00 00 00 00 00 00 
00 00 00 00 00 00 00 00 00 00 00 00 

00 04 75 8d 49 c7 00 aa 00 30 91 09 08 00 45 00 
00 18 08 62 00 02 80 06 68 ed c0 a8 24 20 c0 a8 
24 1e d0 59 00 00 00 00 00 00 00 00 00 00 00 00 
00 00 00 00 00 00 00 00 00 00 00 00 

00 04 75 8d 49 c7 00 aa 00 30 91 09 08 00 45 00 
00 1c 08 62 20 01 80 06 48 ea c0 a8 24 20 c0 a8 
24 1e 2b e6 93 9f 50 10 40 a2 00 00 00 00 00 00 
00 00 00 00 00 00 00 00 00 00 00 00 

00 04 75 8d 49 c7 00 aa 00 30 91 09 08 00 45 00 
00 1c 08 63 20 00 80 06 48 ea c0 a8 24 20 c0 a8 
24 1e 04 3b 00 17 62 a4 ae cd 00 00 00 00 00 00 
00 00 00 00 00 00 00 00 00 00 00 00 

00 04 75 8d 49 c7 00 aa 00 30 91 09 08 00 45 00 
00 19 08 63 00 02 80 06 68 eb c0 a8 24 20 c0 a8 
24 1e 66 50 00 00 6a 00 00 00 00 00 00 00 00 00 
00 00 00 00 00 00 00 00 00 00 00 00 

00 04 75 8d 49 c7 00 aa 00 30 91 09 08 00 45 00 
00 1c 08 63 20 01 80 06 48 e9 c0 a8 24 20 c0 a8 
24 1e 2b e6 93 9f 50 18 40 a2 00 00 00 00 00 00 
00 00 00 00 00 00 00 00 00 00 00 00 

00 aa 00 30 91 0d 00 04 75 8d 49 c7 08 00 45 10 
00 28 30 f1 40 00 40 06 40 40 c0 a8 24 1e c0 a8 
24 20 00 17 04 3b 2b e6 93 9f 62 a4 ae ce 50 10 
16 d0 fa 2a 00 00 00 00 00 00 00 00 

00 04 75 8d 49 c7 00 aa 00 30 91 09 08 00 45 00 
00 1c 08 64 20 00 80 06 48 e9 c0 a8 24 20 c0 a8 
24 1e 04 3b 00 17 62 a4 ae ce 00 00 00 00 00 00 
00 00 00 00 00 00 00 00 00 00 00 00 

00 04 75 8d 49 c7 00 aa 00 30 91 09 08 00 45 00 
00 19 08 64 00 02 80 06 68 ea c0 a8 24 20 c0 a8 
24 1e 5b 4f 00 00 75 00 00 00 00 00 00 00 00 00 
00 00 00 00 00 00 00 00 00 00 00 00 

00 04 75 8d 49 c7 00 aa 00 30 91 09 08 00 45 00 
00 1c 08 64 20 01 80 06 48 e8 c0 a8 24 20 c0 a8 
24 1e 2b e6 93 9f 50 18 40 a2 00 00 00 00 00 00 
00 00 00 00 00 00 00 00 00 00 00 00 

00 aa 00 30 91 0d 00 04 75 8d 49 c7 08 00 45 10 
00 28 30 f2 40 00 40 06 40 3f c0 a8 24 1e c0 a8 
24 20 00 17 04 3b 2b e6 93 9f 62 a4 ae cf 50 10 
16 d0 fa 29 00 00 00 00 00 00 00 00 

00 04 75 8d 49 c7 00 aa 00 30 91 09 08 00 45 00 
00 1c 08 65 20 00 80 06 48 e8 c0 a8 24 20 c0 a8 
24 1e 04 3b 00 17 62 a4 ae cf 00 00 00 00 00 00 
00 00 00 00 00 00 00 00 00 00 00 00 

00 04 75 8d 49 c7 00 aa 00 30 91 09 08 00 45 00 
00 19 08 65 00 02 80 06 68 e9 c0 a8 24 20 c0 a8 
24 1e 5d 4e 00 00 73 00 00 00 00 00 00 00 00 00 
00 00 00 00 00 00 00 00 00 00 00 00 

00 04 75 8d 49 c7 00 aa 00 30 91 09 08 00 45 00 
00 1c 08 65 20 01 80 06 48 e7 c0 a8 24 20 c0 a8 
24 1e 2b e6 93 9f 50 18 40 a2 00 00 00 00 00 00 
00 00 00 00 00 00 00 00 00 00 00 00 

00 aa 00 30 91 0d 00 04 75 8d 49 c7 08 00 45 10 
00 28 30 f3 40 00 40 06 40 3e c0 a8 24 1e c0 a8 
24 20 00 17 04 3b 2b e6 93 9f 62 a4 ae d0 50 10 
16 d0 fa 28 00 00 00 00 00 00 00 00 

00 04 75 8d 49 c7 00 aa 00 30 91 09 08 00 45 00 
00 1c 08 66 20 00 80 06 48 e7 c0 a8 24 20 c0 a8 
24 1e 04 3b 00 17 62 a4 ae d0 00 00 00 00 00 00 
00 00 00 00 00 00 00 00 00 00 00 00 

00 04 75 8d 49 c7 00 aa 00 30 91 09 08 00 45 00 
00 19 08 66 00 02 80 06 68 e8 c0 a8 24 20 c0 a8 
24 1e 5c 4d 00 00 74 00 00 00 00 00 00 00 00 00 
00 00 00 00 00 00 00 00 00 00 00 00 

00 04 75 8d 49 c7 00 aa 00 30 91 09 08 00 45 00 
00 1c 08 66 20 01 80 06 48 e6 c0 a8 24 20 c0 a8 
24 1e 2b e6 93 9f 50 18 40 a2 00 00 00 00 00 00 
00 00 00 00 00 00 00 00 00 00 00 00 

00 aa 00 30 91 0d 00 04 75 8d 49 c7 08 00 45 10 
00 28 30 f4 40 00 40 06 40 3d c0 a8 24 1e c0 a8 
24 20 00 17 04 3b 2b e6 93 9f 62 a4 ae d1 50 10 
16 d0 fa 27 00 00 00 00 00 00 00 00 

00 04 75 8d 49 c7 00 aa 00 30 91 09 08 00 45 00 
00 1c 08 67 20 00 80 06 48 e6 c0 a8 24 20 c0 a8 
24 1e 04 3b 00 17 62 a4 ae d1 00 00 00 00 00 00 
00 00 00 00 00 00 00 00 00 00 00 00 

00 04 75 8d 49 c7 00 aa 00 30 91 09 08 00 45 00 
00 19 08 67 00 02 80 06 68 e7 c0 a8 24 20 c0 a8 
24 1e b0 4c 00 00 20 00 00 00 00 00 00 00 00 00 
00 00 00 00 00 00 00 00 00 00 00 00 

00 04 75 8d 49 c7 00 aa 00 30 91 09 08 00 45 00 
00 1c 08 67 20 01 80 06 48 e5 c0 a8 24 20 c0 a8 
24 1e 2b e6 93 9f 50 18 40 a2 00 00 00 00 00 00 
00 00 00 00 00 00 00 00 00 00 00 00 

00 aa 00 30 91 0d 00 04 75 8d 49 c7 08 00 45 10 
00 28 30 f5 40 00 40 06 40 3c c0 a8 24 1e c0 a8 
24 20 00 17 04 3b 2b e6 93 9f 62 a4 ae d2 50 10 
16 d0 fa 26 00 00 00 00 00 00 00 00 

00 04 75 8d 49 c7 00 aa 00 30 91 09 08 00 45 00 
00 1c 08 68 20 00 80 06 48 e5 c0 a8 24 20 c0 a8 
24 1e 04 3b 00 17 62 a4 ae d2 00 00 00 00 00 00 
00 00 00 00 00 00 00 00 00 00 00 00 

00 04 75 8d 49 c7 00 aa 00 30 91 09 08 00 45 00 
00 19 08 68 00 02 80 06 68 e6 c0 a8 24 20 c0 a8 
24 1e 65 4b 00 00 6b 00 00 00 00 00 00 00 00 00 
00 00 00 00 00 00 00 00 00 00 00 00 

00 04 75 8d 49 c7 00 aa 00 30 91 09 08 00 45 00 
00 1c 08 68 20 01 80 06 48 e4 c0 a8 24 20 c0 a8 
24 1e 2b e6 93 9f 50 18 40 a2 00 00 00 00 00 00 
00 00 00 00 00 00 00 00 00 00 00 00 

00 aa 00 30 91 0d 00 04 75 8d 49 c7 08 00 45 10 
00 28 30 f6 40 00 40 06 40 3b c0 a8 24 1e c0 a8 
24 20 00 17 04 3b 2b e6 93 9f 62 a4 ae d3 50 10 
16 d0 fa 25 00 00 00 00 00 00 00 00 

00 04 75 8d 49 c7 00 aa 00 30 91 09 08 00 45 00 
00 1c 08 69 20 00 80 06 48 e4 c0 a8 24 20 c0 a8 
24 1e 04 3b 00 17 62 a4 ae d3 00 00 00 00 00 00 
00 00 00 00 00 00 00 00 00 00 00 00 

00 04 75 8d 49 c7 00 aa 00 30 91 09 08 00 45 00 
00 19 08 69 00 02 80 06 68 e5 c0 a8 24 20 c0 a8 
24 1e 67 4a 00 00 69 00 00 00 00 00 00 00 00 00 
00 00 00 00 00 00 00 00 00 00 00 00 

00 04 75 8d 49 c7 00 aa 00 30 91 09 08 00 45 00 
00 1c 08 69 20 01 80 06 48 e3 c0 a8 24 20 c0 a8 
24 1e 2b e6 93 9f 50 18 40 a2 00 00 00 00 00 00 
00 00 00 00 00 00 00 00 00 00 00 00 

00 aa 00 30 91 0d 00 04 75 8d 49 c7 08 00 45 10 
00 28 30 f7 40 00 40 06 40 3a c0 a8 24 1e c0 a8 
24 20 00 17 04 3b 2b e6 93 9f 62 a4 ae d4 50 10 
16 d0 fa 24 00 00 00 00 00 00 00 00 

00 04 75 8d 49 c7 00 aa 00 30 91 09 08 00 45 00 
00 1c 08 6a 20 00 80 06 48 e3 c0 a8 24 20 c0 a8 
24 1e 04 3b 00 17 62 a4 ae d4 00 00 00 00 00 00 
00 00 00 00 00 00 00 00 00 00 00 00 

00 04 75 8d 49 c7 00 aa 00 30 91 09 08 00 45 00 
00 19 08 6a 00 02 80 06 68 e4 c0 a8 24 20 c0 a8 
24 1e 6c 49 00 00 64 00 00 00 00 00 00 00 00 00 
00 00 00 00 00 00 00 00 00 00 00 00 

00 04 75 8d 49 c7 00 aa 00 30 91 09 08 00 45 00 
00 1c 08 6a 20 01 80 06 48 e2 c0 a8 24 20 c0 a8 
24 1e 2b e6 93 9f 50 18 40 a2 00 00 00 00 00 00 
00 00 00 00 00 00 00 00 00 00 00 00 

00 aa 00 30 91 0d 00 04 75 8d 49 c7 08 00 45 10 
00 28 30 f8 40 00 40 06 40 39 c0 a8 24 1e c0 a8 
24 20 00 17 04 3b 2b e6 93 9f 62 a4 ae d5 50 10 
16 d0 fa 23 00 00 00 00 00 00 00 00 

00 04 75 8d 49 c7 00 aa 00 30 91 09 08 00 45 00 
00 1c 08 6b 20 00 80 06 48 e2 c0 a8 24 20 c0 a8 
24 1e 04 3b 00 17 62 a4 ae d5 00 00 00 00 00 00 
00 00 00 00 00 00 00 00 00 00 00 00 

00 04 75 8d 49 c7 00 aa 00 30 91 09 08 00 45 00 
00 19 08 6b 00 02 80 06 68 e3 c0 a8 24 20 c0 a8 
24 1e 6c 48 00 00 64 00 00 00 00 00 00 00 00 00 
00 00 00 00 00 00 00 00 00 00 00 00 

00 04 75 8d 49 c7 00 aa 00 30 91 09 08 00 45 00 
00 1c 08 6b 20 01 80 06 48 e1 c0 a8 24 20 c0 a8 
24 1e 2b e6 93 9f 50 18 40 a2 00 00 00 00 00 00 
00 00 00 00 00 00 00 00 00 00 00 00 

00 aa 00 30 91 0d 00 04 75 8d 49 c7 08 00 45 10 
00 28 30 f9 40 00 40 06 40 38 c0 a8 24 1e c0 a8 
24 20 00 17 04 3b 2b e6 93 9f 62 a4 ae d6 50 10 
16 d0 fa 22 00 00 00 00 00 00 00 00 

00 04 75 8d 49 c7 00 aa 00 30 91 09 08 00 45 00 
00 1c 08 6c 20 00 80 06 48 e1 c0 a8 24 20 c0 a8 
24 1e 04 3b 00 17 62 a4 ae d6 00 00 00 00 00 00 
00 00 00 00 00 00 00 00 00 00 00 00 

00 04 75 8d 49 c7 00 aa 00 30 91 09 08 00 45 00 
00 19 08 6c 00 02 80 06 68 e2 c0 a8 24 20 c0 a8 
24 1e 67 47 00 00 69 00 00 00 00 00 00 00 00 00 
00 00 00 00 00 00 00 00 00 00 00 00 

00 04 75 8d 49 c7 00 aa 00 30 91 09 08 00 45 00 
00 1c 08 6c 20 01 80 06 48 e0 c0 a8 24 20 c0 a8 
24 1e 2b e6 93 9f 50 18 40 a2 00 00 00 00 00 00 
00 00 00 00 00 00 00 00 00 00 00 00 

00 aa 00 30 91 0d 00 04 75 8d 49 c7 08 00 45 10 
00 28 30 fa 40 00 40 06 40 37 c0 a8 24 1e c0 a8 
24 20 00 17 04 3b 2b e6 93 9f 62 a4 ae d7 50 10 
16 d0 fa 21 00 00 00 00 00 00 00 00 

00 04 75 8d 49 c7 00 aa 00 30 91 09 08 00 45 00 
00 1c 08 6d 20 00 80 06 48 e0 c0 a8 24 20 c0 a8 
24 1e 04 3b 00 17 62 a4 ae d7 00 00 00 00 00 00 
00 00 00 00 00 00 00 00 00 00 00 00 

00 04 75 8d 49 c7 00 aa 00 30 91 09 08 00 45 00 
00 19 08 6d 00 02 80 06 68 e1 c0 a8 24 20 c0 a8 
24 1e 62 46 00 00 6e 00 00 00 00 00 00 00 00 00 
00 00 00 00 00 00 00 00 00 00 00 00 

00 04 75 8d 49 c7 00 aa 00 30 91 09 08 00 45 00 
00 1c 08 6d 20 01 80 06 48 df c0 a8 24 20 c0 a8 
24 1e 2b e6 93 9f 50 18 40 a2 00 00 00 00 00 00 
00 00 00 00 00 00 00 00 00 00 00 00 

00 aa 00 30 91 0d 00 04 75 8d 49 c7 08 00 45 10 
00 28 30 fb 40 00 40 06 40 36 c0 a8 24 1e c0 a8 
24 20 00 17 04 3b 2b e6 93 9f 62 a4 ae d8 50 10 
16 d0 fa 20 00 00 00 00 00 00 00 00 

00 04 75 8d 49 c7 00 aa 00 30 91 09 08 00 45 00 
00 1c 08 6e 20 00 80 06 48 df c0 a8 24 20 c0 a8 
24 1e 04 3b 00 17 62 a4 ae d8 00 00 00 00 00 00 
00 00 00 00 00 00 00 00 00 00 00 00 

00 04 75 8d 49 c7 00 aa 00 30 91 09 08 00 45 00 
00 19 08 6e 00 02 80 06 68 e0 c0 a8 24 20 c0 a8 
24 1e 69 45 00 00 67 00 00 00 00 00 00 00 00 00 
00 00 00 00 00 00 00 00 00 00 00 00 

00 04 75 8d 49 c7 00 aa 00 30 91 09 08 00 45 00 
00 1c 08 6e 20 01 80 06 48 de c0 a8 24 20 c0 a8 
24 1e 2b e6 93 9f 50 18 40 a2 00 00 00 00 00 00 
00 00 00 00 00 00 00 00 00 00 00 00 

00 aa 00 30 91 0d 00 04 75 8d 49 c7 08 00 45 10 
00 28 30 fc 40 00 40 06 40 35 c0 a8 24 1e c0 a8 
24 20 00 17 04 3b 2b e6 93 9f 62 a4 ae d9 50 10 
16 d0 fa 1f 00 00 00 00 00 00 00 00 

00 04 75 8d 49 c7 00 aa 00 30 91 09 08 00 45 00 
00 1c 08 6f 20 00 80 06 48 de c0 a8 24 20 c0 a8 
24 1e 04 3b 00 17 62 a4 ae d9 00 00 00 00 00 00 
00 00 00 00 00 00 00 00 00 00 00 00 

00 04 75 8d 49 c7 00 aa 00 30 91 09 08 00 45 00 
00 1a 08 6f 00 02 80 06 68 de c0 a8 24 20 c0 a8 
24 1e c3 39 00 00 0d 0a 00 00 00 00 00 00 00 00 
00 00 00 00 00 00 00 00 00 00 00 00 

00 04 75 8d 49 c7 00 aa 00 30 91 09 08 00 45 00 
00 1c 08 6f 20 01 80 06 48 dd c0 a8 24 20 c0 a8 
24 1e 2b e6 93 9f 50 18 40 a2 00 00 00 00 00 00 
00 00 00 00 00 00 00 00 00 00 00 00 

00 aa 00 30 91 0d 00 04 75 8d 49 c7 08 00 45 10 
00 28 30 fd 40 00 40 06 40 34 c0 a8 24 1e c0 a8 
24 20 00 17 04 3b 2b e6 93 9f 62 a4 ae db 50 10 
16 d0 fa 1d 00 00 00 00 00 00 00 00 

00 aa 00 30 91 0d 00 04 75 8d 49 c7 08 00 45 10 
00 2a 30 fe 40 00 40 06 40 31 c0 a8 24 1e c0 a8 
24 20 00 17 04 3b 2b e6 93 9f 62 a4 ae db 50 18 
16 d0 ed 09 00 00 0d 0a 00 00 00 00 

00 04 75 8d 49 c7 00 aa 00 30 91 09 08 00 45 00 
00 1c 08 70 20 00 80 06 48 dd c0 a8 24 20 c0 a8 
24 1e 04 3b 00 17 62 a4 ae db 00 00 00 00 00 00 
00 00 00 00 00 00 00 00 00 00 00 00 

00 04 75 8d 49 c7 00 aa 00 30 91 09 08 00 45 00 
00 18 08 70 00 02 80 06 68 df c0 a8 24 20 c0 a8 
24 1e d0 4b 00 00 00 00 00 00 00 00 00 00 00 00 
00 00 00 00 00 00 00 00 00 00 00 00 

00 04 75 8d 49 c7 00 aa 00 30 91 09 08 00 45 00 
00 1c 08 70 20 01 80 06 48 dc c0 a8 24 20 c0 a8 
24 1e 2b e6 93 a1 50 10 40 a0 00 00 00 00 00 00 
00 00 00 00 00 00 00 00 00 00 00 00 

00 aa 00 30 91 0d 00 04 75 8d 49 c7 08 00 45 10 
00 28 30 ff 40 00 40 06 40 32 c0 a8 24 1e c0 a8 
24 20 00 17 04 3b 2b e6 93 a1 62 a4 ae db 50 11 
16 d0 fa 1a 00 00 00 00 00 00 00 00 

00 04 75 8d 49 c7 00 aa 00 30 91 09 08 00 45 00 
00 1c 08 71 20 00 80 06 48 dc c0 a8 24 20 c0 a8 
24 1e 04 3b 00 17 62 a4 ae db 00 00 00 00 00 00 
00 00 00 00 00 00 00 00 00 00 00 00 

00 04 75 8d 49 c7 00 aa 00 30 91 09 08 00 45 00 
00 18 08 71 00 02 80 06 68 de c0 a8 24 20 c0 a8 
24 1e d0 4a 00 00 00 00 00 00 00 00 00 00 00 00 
00 00 00 00 00 00 00 00 00 00 00 00 

00 04 75 8d 49 c7 00 aa 00 30 91 09 08 00 45 00 
00 1c 08 71 20 01 80 06 48 db c0 a8 24 20 c0 a8 
24 1e 2b e6 93 a2 50 10 40 a0 00 00 00 00 00 00 
00 00 00 00 00 00 00 00 00 00 00 00 

00 04 75 8d 49 c7 00 aa 00 30 91 09 08 00 45 00 
00 1c 08 72 20 00 80 06 48 db c0 a8 24 20 c0 a8 
24 1e 04 3b 00 17 62 a4 ae db 00 00 00 00 00 00 
00 00 00 00 00 00 00 00 00 00 00 00 

00 04 75 8d 49 c7 00 aa 00 30 91 09 08 00 45 00 
00 18 08 72 00 02 80 06 68 dd c0 a8 24 20 c0 a8 
24 1e d0 49 00 00 00 00 00 00 00 00 00 00 00 00 
00 00 00 00 00 00 00 00 00 00 00 00 

00 04 75 8d 49 c7 00 aa 00 30 91 09 08 00 45 00 
00 1c 08 72 20 01 80 06 48 da c0 a8 24 20 c0 a8 
24 1e 2b e6 93 a2 50 11 40 a0 00 00 00 00 00 00 
00 00 00 00 00 00 00 00 00 00 00 00 

00 aa 00 30 91 0d 00 04 75 8d 49 c7 08 00 45 00 
00 28 00 00 40 00 40 06 71 41 c0 a8 24 1e c0 a8 
24 20 00 17 04 3b 2b e6 93 a2 62 a4 ae dc 50 10 
16 d0 fa 19 00 00 00 00 00 00 00 00 
