00 04 75 8d 49 c7 00 aa 00 30 91 09 08 00 45 00 
00 1c 06 24 20 00 80 06 4b 29 c0 a8 24 20 c0 a8 
24 1e 04 2c 00 17 4e f6 4b a5 00 00 00 00 00 00 
00 00 00 00 00 00 00 00 00 00 00 00 

00 04 75 8d 49 c7 00 aa 00 30 91 09 08 00 45 00 
00 1c 06 24 20 01 80 06 4b 28 c0 a8 24 20 c0 a8 
24 1e 00 00 00 00 70 02 40 00 00 00 00 00 00 00 
00 00 00 00 00 00 00 00 00 00 00 00 

00 04 75 8d 49 c7 00 aa 00 30 91 09 08 00 45 00 
00 1c 06 24 20 02 80 06 4b 27 c0 a8 24 20 c0 a8 
24 1e da b1 00 00 02 04 05 b4 00 00 00 00 00 00 
00 00 00 00 00 00 00 00 00 00 00 00 

00 04 75 8d 49 c7 00 aa 00 30 91 09 08 00 45 00 
00 18 06 24 00 03 80 06 6b 2a c0 a8 24 20 c0 a8 
24 1e 01 01 04 02 00 00 00 00 00 00 00 00 00 00 
00 00 00 00 00 00 00 00 00 00 00 00 

00 aa 00 30 91 0d 00 04 75 8d 49 c7 08 00 45 00 
00 30 00 00 40 00 40 06 71 39 c0 a8 24 1e c0 a8 
24 20 00 17 04 2c d1 c8 32 d5 4e f6 4b a6 70 12 
16 d0 ff 32 00 00 02 04 05 b4 01 01 04 02 

00 04 75 8d 49 c7 00 aa 00 30 91 09 08 00 45 00 
00 1c 06 25 20 00 80 06 4b 28 c0 a8 24 20 c0 a8 
24 1e 04 2c 00 17 4e f6 4b a6 00 00 00 00 00 00 
00 00 00 00 00 00 00 00 00 00 00 00 

00 04 75 8d 49 c7 00 aa 00 30 91 09 08 00 45 00 
00 1c 06 25 20 01 80 06 4b 27 c0 a8 24 20 c0 a8 
24 1e d1 c8 32 d6 50 10 44 70 00 00 00 00 00 00 
00 00 00 00 00 00 00 00 00 00 00 00 

00 04 75 8d 49 c7 00 aa 00 30 91 09 08 00 45 00 
00 18 06 25 00 02 80 06 6b 2a c0 a8 24 20 c0 a8 
24 1e fe 56 00 00 00 00 00 00 00 00 00 00 00 00 
00 00 00 00 00 00 00 00 00 00 00 00 

00 aa 00 30 91 0d 00 04 75 8d 49 c7 08 00 45 10 
00 34 48 30 40 00 40 06 28 f5 c0 a8 24 1e c0 a8 
24 20 00 17 04 2c d1 c8 32 d6 4e f6 4b a6 50 18 
16 d0 f4 9f 00 00 ff fd 18 ff fd 20 ff fd 23 ff 
fd 27 

00 04 75 8d 49 c7 00 aa 00 30 91 09 08 00 45 00 
00 1c 06 26 20 00 80 06 4b 27 c0 a8 24 20 c0 a8 
24 1e 04 2c 00 17 4e f6 4b a6 00 00 00 00 00 00 
00 00 00 00 00 00 00 00 00 00 00 00 

00 04 75 8d 49 c7 00 aa 00 30 91 09 08 00 45 00 
00 1c 06 26 20 01 80 06 4b 26 c0 a8 24 20 c0 a8 
24 1e d1 c8 32 e2 50 18 44 64 00 00 00 00 00 00 
00 00 00 00 00 00 00 00 00 00 00 00 

00 04 75 8d 49 c7 00 aa 00 30 91 09 08 00 45 00 
00 1c 06 26 20 02 80 06 4b 25 c0 a8 24 20 c0 a8 
24 1e ea 2d 00 00 ff fb 18 ff 00 00 00 00 00 00 
00 00 00 00 00 00 00 00 00 00 00 00 

00 04 75 8d 49 c7 00 aa 00 30 91 09 08 00 45 00 
00 16 06 26 00 03 80 06 6b 2a c0 a8 24 20 c0 a8 
24 1e fb 1f 00 00 00 00 00 00 00 00 00 00 00 00 
00 00 00 00 00 00 00 00 00 00 00 00 

00 aa 00 30 91 0d 00 04 75 8d 49 c7 08 00 45 10 
00 28 48 31 40 00 40 06 29 00 c0 a8 24 1e c0 a8 
24 20 00 17 04 2c d1 c8 32 e2 4e f6 4b ac 50 10 
16 d0 2b e5 00 00 00 00 00 00 00 00 

00 aa 00 30 91 0d 00 04 75 8d 49 c7 08 00 45 10 
00 2b 48 32 40 00 40 06 28 fc c0 a8 24 1e c0 a8 
24 20 00 17 04 2c d1 c8 32 e2 4e f6 4b ac 50 18 
16 d0 0c dc 00 00 ff fd 1f 00 00 00 

00 04 75 8d 49 c7 00 aa 00 30 91 09 08 00 45 00 
00 1c 06 27 20 00 80 06 4b 26 c0 a8 24 20 c0 a8 
24 1e 04 2c 00 17 4e f6 4b ac 00 00 00 00 00 00 
00 00 00 00 00 00 00 00 00 00 00 00 

00 04 75 8d 49 c7 00 aa 00 30 91 09 08 00 45 00 
00 1c 06 27 20 01 80 06 4b 25 c0 a8 24 20 c0 a8 
24 1e d1 c8 32 e2 50 18 44 64 00 00 00 00 00 00 
00 00 00 00 00 00 00 00 00 00 00 00 

00 04 75 8d 49 c7 00 aa 00 30 91 09 08 00 45 00 
00 1c 06 27 20 02 80 06 4b 24 c0 a8 24 20 c0 a8 
24 1e ba 22 00 00 ff fc 20 ff 00 00 00 00 00 00 
00 00 00 00 00 00 00 00 00 00 00 00 

00 04 75 8d 49 c7 00 aa 00 30 91 09 08 00 45 00 
00 19 06 27 00 03 80 06 6b 26 c0 a8 24 20 c0 a8 
24 1e fc 23 ff fc 27 00 00 00 00 00 00 00 00 00 
00 00 00 00 00 00 00 00 00 00 00 00 

00 aa 00 30 91 0d 00 04 75 8d 49 c7 08 00 45 10 
00 28 48 33 40 00 40 06 28 fe c0 a8 24 1e c0 a8 
24 20 00 17 04 2c d1 c8 32 e5 4e f6 4b b5 50 10 
16 d0 2b d9 00 00 00 00 00 00 00 00 

00 04 75 8d 49 c7 00 aa 00 30 91 09 08 00 45 00 
00 1c 06 28 20 00 80 06 4b 25 c0 a8 24 20 c0 a8 
24 1e 04 2c 00 17 4e f6 4b b5 00 00 00 00 00 00 
00 00 00 00 00 00 00 00 00 00 00 00 

00 04 75 8d 49 c7 00 aa 00 30 91 09 08 00 45 00 
00 1c 06 28 20 01 80 06 4b 24 c0 a8 24 20 c0 a8 
24 1e d1 c8 32 e5 50 18 44 61 00 00 00 00 00 00 
00 00 00 00 00 00 00 00 00 00 00 00 

00 04 75 8d 49 c7 00 aa 00 30 91 09 08 00 45 00 
00 1c 06 28 20 02 80 06 4b 23 c0 a8 24 20 c0 a8 
24 1e e3 be 00 00 ff fb 1f ff 00 00 00 00 00 00 
00 00 00 00 00 00 00 00 00 00 00 00 

00 04 75 8d 49 c7 00 aa 00 30 91 09 08 00 45 00 
00 1c 06 28 00 03 80 06 6b 22 c0 a8 24 20 c0 a8 
24 1e fa 1f 00 50 00 19 ff f0 00 00 00 00 00 00 
00 00 00 00 00 00 00 00 00 00 00 00 

00 aa 00 30 91 0d 00 04 75 8d 49 c7 08 00 45 10 
00 2e 48 34 40 00 40 06 28 f7 c0 a8 24 1e c0 a8 
24 20 00 17 04 2c d1 c8 32 e5 4e f6 4b c1 50 18 
16 d0 13 d2 00 00 ff fa 18 01 ff f0 

00 04 75 8d 49 c7 00 aa 00 30 91 09 08 00 45 00 
00 1c 06 29 20 00 80 06 4b 24 c0 a8 24 20 c0 a8 
24 1e 04 2c 00 17 4e f6 4b c1 00 00 00 00 00 00 
00 00 00 00 00 00 00 00 00 00 00 00 

00 04 75 8d 49 c7 00 aa 00 30 91 09 08 00 45 00 
00 1c 06 29 20 01 80 06 4b 23 c0 a8 24 20 c0 a8 
24 1e d1 c8 32 eb 50 18 44 5b 00 00 00 00 00 00 
00 00 00 00 00 00 00 00 00 00 00 00 

00 04 75 8d 49 c7 00 aa 00 30 91 09 08 00 45 00 
00 1c 06 29 20 02 80 06 4b 22 c0 a8 24 20 c0 a8 
24 1e 51 a6 00 00 ff fa 18 00 00 00 00 00 00 00 
00 00 00 00 00 00 00 00 00 00 00 00 

00 04 75 8d 49 c7 00 aa 00 30 91 09 08 00 45 00 
00 1a 06 29 00 03 80 06 6b 23 c0 a8 24 20 c0 a8 
24 1e 41 4e 53 49 ff f0 00 00 00 00 00 00 00 00 
00 00 00 00 00 00 00 00 00 00 00 00 

00 aa 00 30 91 0d 00 04 75 8d 49 c7 08 00 45 10 
00 34 48 35 40 00 40 06 28 f0 c0 a8 24 1e c0 a8 
24 20 00 17 04 2c d1 c8 32 eb 4e f6 4b cb 50 18 
16 d0 27 8f 00 00 ff fb 03 ff fd 01 ff fb 05 ff 
fd 21 

00 04 75 8d 49 c7 00 aa 00 30 91 09 08 00 45 00 
00 1c 06 2a 20 00 80 06 4b 23 c0 a8 24 20 c0 a8 
24 1e 04 2c 00 17 4e f6 4b cb 00 00 00 00 00 00 
00 00 00 00 00 00 00 00 00 00 00 00 

00 04 75 8d 49 c7 00 aa 00 30 91 09 08 00 45 00 
00 1c 06 2a 20 01 80 06 4b 22 c0 a8 24 20 c0 a8 
24 1e d1 c8 32 f7 50 18 44 4f 00 00 00 00 00 00 
00 00 00 00 00 00 00 00 00 00 00 00 

00 04 75 8d 49 c7 00 aa 00 30 91 09 08 00 45 00 
00 1b 06 2a 00 02 80 06 6b 22 c0 a8 24 20 c0 a8 
24 1e fb 28 00 00 ff fd 03 00 00 00 00 00 00 00 
00 00 00 00 00 00 00 00 00 00 00 00 

00 aa 00 30 91 0d 00 04 75 8d 49 c7 08 00 45 10 
00 28 48 36 40 00 40 06 28 fb c0 a8 24 1e c0 a8 
24 20 00 17 04 2c d1 c8 32 f7 4e f6 4b ce 50 10 
16 d0 2b ae 00 00 00 00 00 00 00 00 

00 04 75 8d 49 c7 00 aa 00 30 91 09 08 00 45 00 
00 1c 06 2b 20 00 80 06 4b 22 c0 a8 24 20 c0 a8 
24 1e 04 2c 00 17 4e f6 4b ce 00 00 00 00 00 00 
00 00 00 00 00 00 00 00 00 00 00 00 

00 04 75 8d 49 c7 00 aa 00 30 91 09 08 00 45 00 
00 1c 06 2b 20 01 80 06 4b 21 c0 a8 24 20 c0 a8 
24 1e d1 c8 32 f7 50 18 44 4f 00 00 00 00 00 00 
00 00 00 00 00 00 00 00 00 00 00 00 

00 04 75 8d 49 c7 00 aa 00 30 91 09 08 00 45 00 
00 1c 06 2b 20 02 80 06 4b 20 c0 a8 24 20 c0 a8 
24 1e dd 1f 00 00 ff fb 01 ff 00 00 00 00 00 00 
00 00 00 00 00 00 00 00 00 00 00 00 

00 04 75 8d 49 c7 00 aa 00 30 91 09 08 00 45 00 
00 19 06 2b 00 03 80 06 6b 22 c0 a8 24 20 c0 a8 
24 1e fe 05 ff fc 21 00 00 00 00 00 00 00 00 00 
00 00 00 00 00 00 00 00 00 00 00 00 

00 aa 00 30 91 0d 00 04 75 8d 49 c7 08 00 45 10 
00 28 48 37 40 00 40 06 28 fa c0 a8 24 1e c0 a8 
24 20 00 17 04 2c d1 c8 32 f7 4e f6 4b d7 50 10 
16 d0 2b a5 00 00 00 00 00 00 00 00 

00 aa 00 30 91 0d 00 04 75 8d 49 c7 08 00 45 10 
03 1b 48 38 40 00 40 06 26 06 c0 a8 24 1e c0 a8 
24 20 00 17 04 2c d1 c8 32 f7 4e f6 4b d7 50 18 
16 d0 e4 71 00 00 ff fe 01 ff fb 01 2a 2a 2a 2a 
57 65 6c 63 6f 6d 65 20 74 6f 20 74 68 65 20 4e 
65 74 77 6f 72 6b 20 53 65 63 75 72 69 74 79 20 
74 65 6c 6e 65 74 20 73 65 72 76 65 72 2a 2a 2a 
2a 0d 0a 54 68 69 73 20 63 6f 6d 70 75 74 65 72 
20 73 79 73 74 65 6d 20 69 6e 63 6c 75 64 69 6e 
67 20 61 6c 6c 20 72 65 6c 61 74 65 64 20 65 71 
75 69 70 6d 65 6e 74 2c 20 6e 65 74 77 6f 72 6b 
73 2c 20 61 6e 64 0d 0a 6e 65 74 77 6f 72 6b 20 
64 65 76 69 63 65 73 2c 20 61 72 65 20 70 72 6f 
76 69 64 65 64 20 6f 6e 6c 79 20 66 6f 72 20 61 
75 74 68 6f 72 69 7a 65 64 20 75 73 65 2e 20 20 
54 68 69 73 20 63 6f 6d 70 75 74 65 72 0d 0a 73 
79 73 74 65 6d 20 6d 61 79 20 62 65 20 6d 6f 6e 
69 74 6f 72 65 64 20 66 6f 72 20 61 6c 6c 20 6c 
61 77 66 75 6c 20 70 75 72 70 6f 73 65 73 2c 20 
69 6e 63 6c 75 64 69 6e 67 20 74 6f 20 65 6e 73 
75 72 65 20 74 68 61 74 0d 0a 75 73 65 20 69 73 
20 61 75 74 68 6f 72 69 7a 65 64 2c 20 66 6f 72 
20 6d 61 6e 61 67 65 6d 65 6e 74 20 6f 66 20 74 
68 65 20 73 79 73 74 65 6d 2c 20 74 6f 20 66 61 
63 69 6c 69 74 61 74 65 20 70 72 6f 74 65 63 74 
69 6f 6e 0d 0a 61 67 61 69 6e 73 74 20 75 6e 61 
75 74 68 6f 72 69 7a 65 64 20 61 63 63 65 73 73 
2c 20 61 6e 64 20 74 6f 20 76 65 72 69 66 79 20 
73 65 63 75 72 69 74 79 20 70 72 6f 63 65 64 75 
72 65 73 2c 20 0d 0a 73 75 72 76 69 76 61 62 69 
6c 69 74 79 20 61 6e 64 20 6f 70 65 72 61 74 69 
6f 6e 61 6c 20 73 65 63 75 72 69 74 79 2e 20 20 
44 75 72 69 6e 67 20 6d 6f 6e 69 74 6f 72 69 6e 
67 20 69 6e 66 6f 72 6d 61 74 69 6f 6e 20 6d 61 
79 0d 0a 62 65 20 65 78 61 6d 69 6e 65 64 2c 20 
72 65 63 6f 72 64 65 64 2c 20 63 6f 70 69 65 64 
20 61 6e 64 20 75 73 65 64 20 66 6f 72 20 61 75 
74 68 6f 72 69 7a 65 64 20 70 75 72 70 6f 73 65 
73 2e 20 20 41 6c 6c 20 0d 0a 69 6e 66 6f 72 6d 
61 74 69 6f 6e 2c 20 69 6e 63 6c 75 64 69 6e 67 
20 70 65 72 73 6f 6e 61 6c 20 69 6e 66 6f 72 6d 
61 74 69 6f 6e 20 70 6c 61 63 65 64 20 6f 6e 20 
6f 72 20 73 65 6e 74 20 6f 76 65 72 20 74 68 69 
73 0d 0a 73 79 73 74 65 6d 20 6d 61 79 20 62 65 
20 6d 6f 6e 69 74 6f 72 65 64 2e 20 20 55 6e 61 
75 74 68 6f 72 69 7a 65 64 20 75 73 65 20 6d 61 
79 20 73 75 62 6a 65 63 74 20 79 6f 75 20 74 6f 
20 63 72 69 6d 69 6e 61 6c 20 0d 0a 70 72 6f 73 
65 63 75 74 69 6f 6e 2e 0d 0a 0d 0a 54 68 61 6e 
6b 20 79 6f 75 2c 20 68 61 76 65 20 61 20 6e 69 
63 65 20 44 61 79 2e 0d 0a 

00 04 75 8d 49 c7 00 aa 00 30 91 09 08 00 45 00 
00 1c 06 2c 20 00 80 06 4b 21 c0 a8 24 20 c0 a8 
24 1e 04 2c 00 17 4e f6 4b d7 00 00 00 00 00 00 
00 00 00 00 00 00 00 00 00 00 00 00 

00 04 75 8d 49 c7 00 aa 00 30 91 09 08 00 45 00 
00 1c 06 2c 20 01 80 06 4b 20 c0 a8 24 20 c0 a8 
24 1e d1 c8 35 ea 50 18 41 5c 00 00 00 00 00 00 
00 00 00 00 00 00 00 00 00 00 00 00 

00 04 75 8d 49 c7 00 aa 00 30 91 09 08 00 45 00 
00 1b 06 2c 00 02 80 06 6b 20 c0 a8 24 20 c0 a8 
24 1e fd 1d 00 00 ff fc 01 00 00 00 00 00 00 00 
00 00 00 00 00 00 00 00 00 00 00 00 

00 aa 00 30 91 0d 00 04 75 8d 49 c7 08 00 45 10 
00 2f 48 39 40 00 40 06 28 f1 c0 a8 24 1e c0 a8 
24 20 00 17 04 2c d1 c8 35 ea 4e f6 4b da 50 18 
16 d0 c6 8c 00 00 6c 6f 67 69 6e 3a 20 

00 04 75 8d 49 c7 00 aa 00 30 91 09 08 00 45 00 
00 1c 06 2d 20 00 80 06 4b 20 c0 a8 24 20 c0 a8 
24 1e 04 2c 00 17 4e f6 4b da 00 00 00 00 00 00 
00 00 00 00 00 00 00 00 00 00 00 00 

00 04 75 8d 49 c7 00 aa 00 30 91 09 08 00 45 00 
00 1c 06 2d 20 01 80 06 4b 1f c0 a8 24 20 c0 a8 
24 1e d1 c8 35 f1 50 18 41 55 00 00 00 00 00 00 
00 00 00 00 00 00 00 00 00 00 00 00 

00 04 75 8d 49 c7 00 aa 00 30 91 09 08 00 45 00 
00 1b 06 2d 00 02 80 06 6b 1f c0 a8 24 20 c0 a8 
24 1e fd 19 00 00 ff fd 01 00 00 00 00 00 00 00 
00 00 00 00 00 00 00 00 00 00 00 00 

00 aa 00 30 91 0d 00 04 75 8d 49 c7 08 00 45 10 
00 28 48 3a 40 00 40 06 28 f7 c0 a8 24 1e c0 a8 
24 20 00 17 04 2c d1 c8 35 f1 4e f6 4b dd 50 10 
16 d0 28 a5 00 00 00 00 00 00 00 00 

00 04 75 8d 49 c7 00 aa 00 30 91 09 08 00 45 00 
00 1c 06 2e 20 00 80 06 4b 1f c0 a8 24 20 c0 a8 
24 1e 04 2c 00 17 4e f6 4b dd 00 00 00 00 00 00 
00 00 00 00 00 00 00 00 00 00 00 00 

00 04 75 8d 49 c7 00 aa 00 30 91 09 08 00 45 00 
00 1c 06 2e 20 01 80 06 4b 1e c0 a8 24 20 c0 a8 
24 1e d1 c8 35 f1 50 18 41 55 00 00 00 00 00 00 
00 00 00 00 00 00 00 00 00 00 00 00 

00 04 75 8d 49 c7 00 aa 00 30 91 09 08 00 45 00 
00 19 06 2e 00 02 80 06 6b 20 c0 a8 24 20 c0 a8 
24 1e 97 16 00 00 67 00 00 00 00 00 00 00 00 00 
00 00 00 00 00 00 00 00 00 00 00 00 

00 aa 00 30 91 0d 00 04 75 8d 49 c7 08 00 45 10 
00 28 48 3b 40 00 40 06 28 f6 c0 a8 24 1e c0 a8 
24 20 00 17 04 2c d1 c8 35 f1 4e f6 4b de 50 10 
16 d0 28 a4 00 00 00 00 00 00 00 00 

00 aa 00 30 91 0d 00 04 75 8d 49 c7 08 00 45 10 
00 29 48 3c 40 00 40 06 28 f4 c0 a8 24 1e c0 a8 
24 20 00 17 04 2c d1 c8 35 f1 4e f6 4b de 50 18 
16 d0 c1 9a 00 00 67 00 00 00 00 00 

00 04 75 8d 49 c7 00 aa 00 30 91 09 08 00 45 00 
00 1c 06 2f 20 00 80 06 4b 1e c0 a8 24 20 c0 a8 
24 1e 04 2c 00 17 4e f6 4b de 00 00 00 00 00 00 
00 00 00 00 00 00 00 00 00 00 00 00 

00 04 75 8d 49 c7 00 aa 00 30 91 09 08 00 45 00 
00 1c 06 2f 20 01 80 06 4b 1d c0 a8 24 20 c0 a8 
24 1e d1 c8 35 f2 50 18 41 54 00 00 00 00 00 00 
00 00 00 00 00 00 00 00 00 00 00 00 

00 04 75 8d 49 c7 00 aa 00 30 91 09 08 00 45 00 
00 19 06 2f 00 02 80 06 6b 1f c0 a8 24 20 c0 a8 
24 1e 89 15 00 00 75 00 00 00 00 00 00 00 00 00 
00 00 00 00 00 00 00 00 00 00 00 00 

00 aa 00 30 91 0d 00 04 75 8d 49 c7 08 00 45 10 
00 29 48 3d 40 00 40 06 28 f3 c0 a8 24 1e c0 a8 
24 20 00 17 04 2c d1 c8 35 f2 4e f6 4b df 50 18 
16 d0 b3 98 00 00 75 00 00 00 00 00 

00 04 75 8d 49 c7 00 aa 00 30 91 09 08 00 45 00 
00 1c 06 30 20 00 80 06 4b 1d c0 a8 24 20 c0 a8 
24 1e 04 2c 00 17 4e f6 4b df 00 00 00 00 00 00 
00 00 00 00 00 00 00 00 00 00 00 00 

00 04 75 8d 49 c7 00 aa 00 30 91 09 08 00 45 00 
00 1c 06 30 20 01 80 06 4b 1c c0 a8 24 20 c0 a8 
24 1e d1 c8 35 f3 50 18 41 53 00 00 00 00 00 00 
00 00 00 00 00 00 00 00 00 00 00 00 

00 04 75 8d 49 c7 00 aa 00 30 91 09 08 00 45 00 
00 19 06 30 00 02 80 06 6b 1e c0 a8 24 20 c0 a8 
24 1e 99 14 00 00 65 00 00 00 00 00 00 00 00 00 
00 00 00 00 00 00 00 00 00 00 00 00 

00 aa 00 30 91 0d 00 04 75 8d 49 c7 08 00 45 10 
00 29 48 3e 40 00 40 06 28 f2 c0 a8 24 1e c0 a8 
24 20 00 17 04 2c d1 c8 35 f3 4e f6 4b e0 50 18 
16 d0 c3 96 00 00 65 00 00 00 00 00 

00 04 75 8d 49 c7 00 aa 00 30 91 09 08 00 45 00 
00 1c 06 31 20 00 80 06 4b 1c c0 a8 24 20 c0 a8 
24 1e 04 2c 00 17 4e f6 4b e0 00 00 00 00 00 00 
00 00 00 00 00 00 00 00 00 00 00 00 

00 04 75 8d 49 c7 00 aa 00 30 91 09 08 00 45 00 
00 1c 06 31 20 01 80 06 4b 1b c0 a8 24 20 c0 a8 
24 1e d1 c8 35 f4 50 10 41 52 00 00 00 00 00 00 
00 00 00 00 00 00 00 00 00 00 00 00 

00 04 75 8d 49 c7 00 aa 00 30 91 09 08 00 45 00 
00 18 06 31 00 02 80 06 6b 1e c0 a8 24 20 c0 a8 
24 1e fe 1c 00 00 00 00 00 00 00 00 00 00 00 00 
00 00 00 00 00 00 00 00 00 00 00 00 

00 04 75 8d 49 c7 00 aa 00 30 91 09 08 00 45 00 
00 1c 06 32 20 00 80 06 4b 1b c0 a8 24 20 c0 a8 
24 1e 04 2c 00 17 4e f6 4b e0 00 00 00 00 00 00 
00 00 00 00 00 00 00 00 00 00 00 00 

00 04 75 8d 49 c7 00 aa 00 30 91 09 08 00 45 00 
00 1c 06 32 20 01 80 06 4b 1a c0 a8 24 20 c0 a8 
24 1e d1 c8 35 f4 50 18 41 52 00 00 00 00 00 00 
00 00 00 00 00 00 00 00 00 00 00 00 

00 04 75 8d 49 c7 00 aa 00 30 91 09 08 00 45 00 
00 19 06 32 00 02 80 06 6b 1c c0 a8 24 20 c0 a8 
24 1e 8b 13 00 00 73 00 00 00 00 00 00 00 00 00 
00 00 00 00 00 00 00 00 00 00 00 00 

00 aa 00 30 91 0d 00 04 75 8d 49 c7 08 00 45 10 
00 29 48 3f 40 00 40 06 28 f1 c0 a8 24 1e c0 a8 
24 20 00 17 04 2c d1 c8 35 f4 4e f6 4b e1 50 18 
16 d0 b5 94 00 00 73 00 00 00 00 00 

00 04 75 8d 49 c7 00 aa 00 30 91 09 08 00 45 00 
00 1c 06 33 20 00 80 06 4b 1a c0 a8 24 20 c0 a8 
24 1e 04 2c 00 17 4e f6 4b e1 00 00 00 00 00 00 
00 00 00 00 00 00 00 00 00 00 00 00 

00 04 75 8d 49 c7 00 aa 00 30 91 09 08 00 45 00 
00 1c 06 33 20 01 80 06 4b 19 c0 a8 24 20 c0 a8 
24 1e d1 c8 35 f5 50 18 41 51 00 00 00 00 00 00 
00 00 00 00 00 00 00 00 00 00 00 00 

00 04 75 8d 49 c7 00 aa 00 30 91 09 08 00 45 00 
00 19 06 33 00 02 80 06 6b 1b c0 a8 24 20 c0 a8 
24 1e 8a 12 00 00 74 00 00 00 00 00 00 00 00 00 
00 00 00 00 00 00 00 00 00 00 00 00 

00 aa 00 30 91 0d 00 04 75 8d 49 c7 08 00 45 10 
00 29 48 40 40 00 40 06 28 f0 c0 a8 24 1e c0 a8 
24 20 00 17 04 2c d1 c8 35 f5 4e f6 4b e2 50 18 
16 d0 b4 92 00 00 74 00 00 00 00 00 

00 04 75 8d 49 c7 00 aa 00 30 91 09 08 00 45 00 
00 1c 06 34 20 00 80 06 4b 19 c0 a8 24 20 c0 a8 
24 1e 04 2c 00 17 4e f6 4b e2 00 00 00 00 00 00 
00 00 00 00 00 00 00 00 00 00 00 00 

00 04 75 8d 49 c7 00 aa 00 30 91 09 08 00 45 00 
00 1c 06 34 20 01 80 06 4b 18 c0 a8 24 20 c0 a8 
24 1e d1 c8 35 f6 50 18 41 50 00 00 00 00 00 00 
00 00 00 00 00 00 00 00 00 00 00 00 

00 04 75 8d 49 c7 00 aa 00 30 91 09 08 00 45 00 
00 1a 06 34 00 02 80 06 6b 19 c0 a8 24 20 c0 a8 
24 1e f1 06 00 00 0d 0a 00 00 00 00 00 00 00 00 
00 00 00 00 00 00 00 00 00 00 00 00 

00 aa 00 30 91 0d 00 04 75 8d 49 c7 08 00 45 10 
00 2a 48 41 40 00 40 06 28 ee c0 a8 24 1e c0 a8 
24 20 00 17 04 2c d1 c8 35 f6 4e f6 4b e4 50 18 
16 d0 1b 85 00 00 0d 0a 32 32 32 32 

00 04 75 8d 49 c7 00 aa 00 30 91 09 08 00 45 00 
00 1c 06 35 20 00 80 06 4b 18 c0 a8 24 20 c0 a8 
24 1e 04 2c 00 17 4e f6 4b e4 00 00 00 00 00 00 
00 00 00 00 00 00 00 00 00 00 00 00 

00 04 75 8d 49 c7 00 aa 00 30 91 09 08 00 45 00 
00 1c 06 35 20 01 80 06 4b 17 c0 a8 24 20 c0 a8 
24 1e d1 c8 35 f8 50 10 41 4e 00 00 00 00 00 00 
00 00 00 00 00 00 00 00 00 00 00 00 

00 04 75 8d 49 c7 00 aa 00 30 91 09 08 00 45 00 
00 18 06 35 00 02 80 06 6b 1a c0 a8 24 20 c0 a8 
24 1e fe 18 00 00 00 00 00 00 00 00 00 00 00 00 
00 00 00 00 00 00 00 00 00 00 00 00 

00 aa 00 30 91 0d 00 04 75 8d 49 c7 08 00 45 10 
00 32 48 42 40 00 40 06 28 e5 c0 a8 24 1e c0 a8 
24 20 00 17 04 2c d1 c8 35 f8 4e f6 4b e4 50 18 
16 d0 40 bc 00 00 50 61 73 73 77 6f 72 64 3a 20 


00 04 75 8d 49 c7 00 aa 00 30 91 09 08 00 45 00 
00 1c 06 36 20 00 80 06 4b 17 c0 a8 24 20 c0 a8 
24 1e 04 2c 00 17 4e f6 4b e4 00 00 00 00 00 00 
00 00 00 00 00 00 00 00 00 00 00 00 

00 04 75 8d 49 c7 00 aa 00 30 91 09 08 00 45 00 
00 1c 06 36 20 01 80 06 4b 16 c0 a8 24 20 c0 a8 
24 1e d1 c8 36 02 50 10 41 44 00 00 00 00 00 00 
00 00 00 00 00 00 00 00 00 00 00 00 

00 04 75 8d 49 c7 00 aa 00 30 91 09 08 00 45 00 
00 18 06 36 00 02 80 06 6b 19 c0 a8 24 20 c0 a8 
24 1e fe 18 00 00 00 00 00 00 00 00 00 00 00 00 
00 00 00 00 00 00 00 00 00 00 00 00 

00 04 75 8d 49 c7 00 aa 00 30 91 09 08 00 45 00 
00 1c 06 37 20 00 80 06 4b 16 c0 a8 24 20 c0 a8 
24 1e 04 2c 00 17 4e f6 4b e4 00 00 00 00 00 00 
00 00 00 00 00 00 00 00 00 00 00 00 

00 04 75 8d 49 c7 00 aa 00 30 91 09 08 00 45 00 
00 1c 06 37 20 01 80 06 4b 15 c0 a8 24 20 c0 a8 
24 1e d1 c8 36 02 50 18 41 44 00 00 00 00 00 00 
00 00 00 00 00 00 00 00 00 00 00 00 

00 04 75 8d 49 c7 00 aa 00 30 91 09 08 00 45 00 
00 19 06 37 00 02 80 06 6b 17 c0 a8 24 20 c0 a8 
24 1e 96 0f 00 00 68 00 00 00 00 00 00 00 00 00 
00 00 00 00 00 00 00 00 00 00 00 00 

00 aa 00 30 91 0d 00 04 75 8d 49 c7 08 00 45 10 
00 28 48 43 40 00 40 06 28 ee c0 a8 24 1e c0 a8 
24 20 00 17 04 2c d1 c8 36 02 4e f6 4b e5 50 10 
16 d0 28 8c 00 00 00 00 00 00 00 00 

00 04 75 8d 49 c7 00 aa 00 30 91 09 08 00 45 00 
00 1c 06 38 20 00 80 06 4b 15 c0 a8 24 20 c0 a8 
24 1e 04 2c 00 17 4e f6 4b e5 00 00 00 00 00 00 
00 00 00 00 00 00 00 00 00 00 00 00 

00 04 75 8d 49 c7 00 aa 00 30 91 09 08 00 45 00 
00 1c 06 38 20 01 80 06 4b 14 c0 a8 24 20 c0 a8 
24 1e d1 c8 36 02 50 18 41 44 00 00 00 00 00 00 
00 00 00 00 00 00 00 00 00 00 00 00 

00 04 75 8d 49 c7 00 aa 00 30 91 09 08 00 45 00 
00 19 06 38 00 02 80 06 6b 16 c0 a8 24 20 c0 a8 
24 1e 9d 0e 00 00 61 00 00 00 00 00 00 00 00 00 
00 00 00 00 00 00 00 00 00 00 00 00 

00 aa 00 30 91 0d 00 04 75 8d 49 c7 08 00 45 10 
00 28 48 44 40 00 40 06 28 ed c0 a8 24 1e c0 a8 
24 20 00 17 04 2c d1 c8 36 02 4e f6 4b e6 50 10 
16 d0 28 8b 00 00 00 00 00 00 00 00 

00 04 75 8d 49 c7 00 aa 00 30 91 09 08 00 45 00 
00 1c 06 39 20 00 80 06 4b 14 c0 a8 24 20 c0 a8 
24 1e 04 2c 00 17 4e f6 4b e6 00 00 00 00 00 00 
00 00 00 00 00 00 00 00 00 00 00 00 

00 04 75 8d 49 c7 00 aa 00 30 91 09 08 00 45 00 
00 1c 06 39 20 01 80 06 4b 13 c0 a8 24 20 c0 a8 
24 1e d1 c8 36 02 50 18 41 44 00 00 00 00 00 00 
00 00 00 00 00 00 00 00 00 00 00 00 

00 04 75 8d 49 c7 00 aa 00 30 91 09 08 00 45 00 
00 19 06 39 00 02 80 06 6b 15 c0 a8 24 20 c0 a8 
24 1e 96 0d 00 00 68 00 00 00 00 00 00 00 00 00 
00 00 00 00 00 00 00 00 00 00 00 00 

00 aa 00 30 91 0d 00 04 75 8d 49 c7 08 00 45 10 
00 28 48 45 40 00 40 06 28 ec c0 a8 24 1e c0 a8 
24 20 00 17 04 2c d1 c8 36 02 4e f6 4b e7 50 10 
16 d0 28 8a 00 00 00 00 00 00 00 00 

00 04 75 8d 49 c7 00 aa 00 30 91 09 08 00 45 00 
00 1c 06 3a 20 00 80 06 4b 13 c0 a8 24 20 c0 a8 
24 1e 04 2c 00 17 4e f6 4b e7 00 00 00 00 00 00 
00 00 00 00 00 00 00 00 00 00 00 00 

00 04 75 8d 49 c7 00 aa 00 30 91 09 08 00 45 00 
00 1c 06 3a 20 01 80 06 4b 12 c0 a8 24 20 c0 a8 
24 1e d1 c8 36 02 50 18 41 44 00 00 00 00 00 00 
00 00 00 00 00 00 00 00 00 00 00 00 

00 04 75 8d 49 c7 00 aa 00 30 91 09 08 00 45 00 
00 19 06 3a 00 02 80 06 6b 14 c0 a8 24 20 c0 a8 
24 1e 9d 0c 00 00 61 00 00 00 00 00 00 00 00 00 
00 00 00 00 00 00 00 00 00 00 00 00 

00 aa 00 30 91 0d 00 04 75 8d 49 c7 08 00 45 10 
00 28 48 46 40 00 40 06 28 eb c0 a8 24 1e c0 a8 
24 20 00 17 04 2c d1 c8 36 02 4e f6 4b e8 50 10 
16 d0 28 89 00 00 00 00 00 00 00 00 

00 04 75 8d 49 c7 00 aa 00 30 91 09 08 00 45 00 
00 1c 06 3b 20 00 80 06 4b 12 c0 a8 24 20 c0 a8 
24 1e 04 2c 00 17 4e f6 4b e8 00 00 00 00 00 00 
00 00 00 00 00 00 00 00 00 00 00 00 

00 04 75 8d 49 c7 00 aa 00 30 91 09 08 00 45 00 
00 1c 06 3b 20 01 80 06 4b 11 c0 a8 24 20 c0 a8 
24 1e d1 c8 36 02 50 18 41 44 00 00 00 00 00 00 
00 00 00 00 00 00 00 00 00 00 00 00 

00 04 75 8d 49 c7 00 aa 00 30 91 09 08 00 45 00 
00 19 06 3b 00 02 80 06 6b 13 c0 a8 24 20 c0 a8 
24 1e 96 0b 00 00 68 00 00 00 00 00 00 00 00 00 
00 00 00 00 00 00 00 00 00 00 00 00 

00 aa 00 30 91 0d 00 04 75 8d 49 c7 08 00 45 10 
00 28 48 47 40 00 40 06 28 ea c0 a8 24 1e c0 a8 
24 20 00 17 04 2c d1 c8 36 02 4e f6 4b e9 50 10 
16 d0 28 88 00 00 00 00 00 00 00 00 

00 04 75 8d 49 c7 00 aa 00 30 91 09 08 00 45 00 
00 1c 06 3c 20 00 80 06 4b 11 c0 a8 24 20 c0 a8 
24 1e 04 2c 00 17 4e f6 4b e9 00 00 00 00 00 00 
00 00 00 00 00 00 00 00 00 00 00 00 

00 04 75 8d 49 c7 00 aa 00 30 91 09 08 00 45 00 
00 1c 06 3c 20 01 80 06 4b 10 c0 a8 24 20 c0 a8 
24 1e d1 c8 36 02 50 18 41 44 00 00 00 00 00 00 
00 00 00 00 00 00 00 00 00 00 00 00 

00 04 75 8d 49 c7 00 aa 00 30 91 09 08 00 45 00 
00 19 06 3c 00 02 80 06 6b 12 c0 a8 24 20 c0 a8 
24 1e 9d 0a 00 00 61 00 00 00 00 00 00 00 00 00 
00 00 00 00 00 00 00 00 00 00 00 00 

00 aa 00 30 91 0d 00 04 75 8d 49 c7 08 00 45 10 
00 28 48 48 40 00 40 06 28 e9 c0 a8 24 1e c0 a8 
24 20 00 17 04 2c d1 c8 36 02 4e f6 4b ea 50 10 
16 d0 28 87 00 00 00 00 00 00 00 00 

00 04 75 8d 49 c7 00 aa 00 30 91 09 08 00 45 00 
00 1c 06 3d 20 00 80 06 4b 10 c0 a8 24 20 c0 a8 
24 1e 04 2c 00 17 4e f6 4b ea 00 00 00 00 00 00 
00 00 00 00 00 00 00 00 00 00 00 00 

00 04 75 8d 49 c7 00 aa 00 30 91 09 08 00 45 00 
00 1c 06 3d 20 01 80 06 4b 0f c0 a8 24 20 c0 a8 
24 1e d1 c8 36 02 50 18 41 44 00 00 00 00 00 00 
00 00 00 00 00 00 00 00 00 00 00 00 

00 04 75 8d 49 c7 00 aa 00 30 91 09 08 00 45 00 
00 1a 06 3d 00 02 80 06 6b 10 c0 a8 24 20 c0 a8 
24 1e f0 fe 00 00 0d 0a 00 00 00 00 00 00 00 00 
00 00 00 00 00 00 00 00 00 00 00 00 

00 aa 00 30 91 0d 00 04 75 8d 49 c7 08 00 45 10 
00 28 48 49 40 00 40 06 28 e8 c0 a8 24 1e c0 a8 
24 20 00 17 04 2c d1 c8 36 02 4e f6 4b ec 50 10 
16 d0 28 85 00 00 00 00 00 00 00 00 

00 aa 00 30 91 0d 00 04 75 8d 49 c7 08 00 45 10 
00 2a 48 4a 40 00 40 06 28 e5 c0 a8 24 1e c0 a8 
24 20 00 17 04 2c d1 c8 36 02 4e f6 4b ec 50 18 
16 d0 1b 71 00 00 0d 0a 00 00 00 00 

00 04 75 8d 49 c7 00 aa 00 30 91 09 08 00 45 00 
00 1c 06 3e 20 00 80 06 4b 0f c0 a8 24 20 c0 a8 
24 1e 04 2c 00 17 4e f6 4b ec 00 00 00 00 00 00 
00 00 00 00 00 00 00 00 00 00 00 00 

00 04 75 8d 49 c7 00 aa 00 30 91 09 08 00 45 00 
00 1c 06 3e 20 01 80 06 4b 0e c0 a8 24 20 c0 a8 
24 1e d1 c8 36 04 50 10 41 42 00 00 00 00 00 00 
00 00 00 00 00 00 00 00 00 00 00 00 

00 04 75 8d 49 c7 00 aa 00 30 91 09 08 00 45 00 
00 18 06 3e 00 02 80 06 6b 11 c0 a8 24 20 c0 a8 
24 1e fe 10 00 00 00 00 00 00 00 00 00 00 00 00 
00 00 00 00 00 00 00 00 00 00 00 00 

00 04 75 8d 49 c7 00 aa 00 30 91 09 08 00 45 00 
00 1c 06 3f 20 00 80 06 4b 0e c0 a8 24 20 c0 a8 
24 1e 04 2c 00 17 4e f6 4b ec 00 00 00 00 00 00 
00 00 00 00 00 00 00 00 00 00 00 00 

00 04 75 8d 49 c7 00 aa 00 30 91 09 08 00 45 00 
00 1c 06 3f 20 01 80 06 4b 0d c0 a8 24 20 c0 a8 
24 1e d1 c8 36 04 50 18 41 42 00 00 00 00 00 00 
00 00 00 00 00 00 00 00 00 00 00 00 

00 04 75 8d 49 c7 00 aa 00 30 91 09 08 00 45 00 
00 19 06 3f 00 02 80 06 6b 0f c0 a8 24 20 c0 a8 
24 1e 94 07 00 00 6a 00 00 00 00 00 00 00 00 00 
00 00 00 00 00 00 00 00 00 00 00 00 

00 aa 00 30 91 0d 00 04 75 8d 49 c7 08 00 45 10 
00 29 48 4b 40 00 40 06 28 e5 c0 a8 24 1e c0 a8 
24 20 00 17 04 2c d1 c8 36 04 4e f6 4b ed 50 18 
16 d0 be 78 00 00 6a 00 00 00 00 00 

00 04 75 8d 49 c7 00 aa 00 30 91 09 08 00 45 00 
00 1c 06 40 20 00 80 06 4b 0d c0 a8 24 20 c0 a8 
24 1e 04 2c 00 17 4e f6 4b ed 00 00 00 00 00 00 
00 00 00 00 00 00 00 00 00 00 00 00 

00 04 75 8d 49 c7 00 aa 00 30 91 09 08 00 45 00 
00 1c 06 40 20 01 80 06 4b 0c c0 a8 24 20 c0 a8 
24 1e d1 c8 36 05 50 18 41 41 00 00 00 00 00 00 
00 00 00 00 00 00 00 00 00 00 00 00 

00 04 75 8d 49 c7 00 aa 00 30 91 09 08 00 45 00 
00 19 06 40 00 02 80 06 6b 0e c0 a8 24 20 c0 a8 
24 1e 89 06 00 00 75 00 00 00 00 00 00 00 00 00 
00 00 00 00 00 00 00 00 00 00 00 00 

00 aa 00 30 91 0d 00 04 75 8d 49 c7 08 00 45 10 
00 29 48 4c 40 00 40 06 28 e4 c0 a8 24 1e c0 a8 
24 20 00 17 04 2c d1 c8 36 05 4e f6 4b ee 50 18 
16 d0 b3 76 00 00 75 00 00 00 00 00 

00 04 75 8d 49 c7 00 aa 00 30 91 09 08 00 45 00 
00 1c 06 41 20 00 80 06 4b 0c c0 a8 24 20 c0 a8 
24 1e 04 2c 00 17 4e f6 4b ee 00 00 00 00 00 00 
00 00 00 00 00 00 00 00 00 00 00 00 

00 04 75 8d 49 c7 00 aa 00 30 91 09 08 00 45 00 
00 1c 06 41 20 01 80 06 4b 0b c0 a8 24 20 c0 a8 
24 1e d1 c8 36 06 50 18 41 40 00 00 00 00 00 00 
00 00 00 00 00 00 00 00 00 00 00 00 

00 04 75 8d 49 c7 00 aa 00 30 91 09 08 00 45 00 
00 19 06 41 00 02 80 06 6b 0d c0 a8 24 20 c0 a8 
24 1e 8b 05 00 00 73 00 00 00 00 00 00 00 00 00 
00 00 00 00 00 00 00 00 00 00 00 00 

00 aa 00 30 91 0d 00 04 75 8d 49 c7 08 00 45 10 
00 29 48 4d 40 00 40 06 28 e3 c0 a8 24 1e c0 a8 
24 20 00 17 04 2c d1 c8 36 06 4e f6 4b ef 50 18 
16 d0 b5 74 00 00 73 00 00 00 00 00 

00 04 75 8d 49 c7 00 aa 00 30 91 09 08 00 45 00 
00 1c 06 42 20 00 80 06 4b 0b c0 a8 24 20 c0 a8 
24 1e 04 2c 00 17 4e f6 4b ef 00 00 00 00 00 00 
00 00 00 00 00 00 00 00 00 00 00 00 

00 04 75 8d 49 c7 00 aa 00 30 91 09 08 00 45 00 
00 1c 06 42 20 01 80 06 4b 0a c0 a8 24 20 c0 a8 
24 1e d1 c8 36 07 50 18 41 3f 00 00 00 00 00 00 
00 00 00 00 00 00 00 00 00 00 00 00 

00 04 75 8d 49 c7 00 aa 00 30 91 09 08 00 45 00 
00 19 06 42 00 02 80 06 6b 0c c0 a8 24 20 c0 a8 
24 1e 8a 04 00 00 74 00 00 00 00 00 00 00 00 00 
00 00 00 00 00 00 00 00 00 00 00 00 

00 aa 00 30 91 0d 00 04 75 8d 49 c7 08 00 45 10 
00 29 48 4e 40 00 40 06 28 e2 c0 a8 24 1e c0 a8 
24 20 00 17 04 2c d1 c8 36 07 4e f6 4b f0 50 18 
16 d0 b4 72 00 00 74 00 00 00 00 00 

00 04 75 8d 49 c7 00 aa 00 30 91 09 08 00 45 00 
00 1c 06 43 20 00 80 06 4b 0a c0 a8 24 20 c0 a8 
24 1e 04 2c 00 17 4e f6 4b f0 00 00 00 00 00 00 
00 00 00 00 00 00 00 00 00 00 00 00 

00 04 75 8d 49 c7 00 aa 00 30 91 09 08 00 45 00 
00 1c 06 43 20 01 80 06 4b 09 c0 a8 24 20 c0 a8 
24 1e d1 c8 36 08 50 18 41 3e 00 00 00 00 00 00 
00 00 00 00 00 00 00 00 00 00 00 00 

00 04 75 8d 49 c7 00 aa 00 30 91 09 08 00 45 00 
00 19 06 43 00 02 80 06 6b 0b c0 a8 24 20 c0 a8 
24 1e de 03 00 00 20 00 00 00 00 00 00 00 00 00 
00 00 00 00 00 00 00 00 00 00 00 00 

00 aa 00 30 91 0d 00 04 75 8d 49 c7 08 00 45 10 
00 29 48 4f 40 00 40 06 28 e1 c0 a8 24 1e c0 a8 
24 20 00 17 04 2c d1 c8 36 08 4e f6 4b f1 50 18 
16 d0 08 71 00 00 20 00 00 00 00 00 

00 04 75 8d 49 c7 00 aa 00 30 91 09 08 00 45 00 
00 1c 06 44 20 00 80 06 4b 09 c0 a8 24 20 c0 a8 
24 1e 04 2c 00 17 4e f6 4b f1 00 00 00 00 00 00 
00 00 00 00 00 00 00 00 00 00 00 00 

00 04 75 8d 49 c7 00 aa 00 30 91 09 08 00 45 00 
00 1c 06 44 20 01 80 06 4b 08 c0 a8 24 20 c0 a8 
24 1e d1 c8 36 09 50 18 41 3d 00 00 00 00 00 00 
00 00 00 00 00 00 00 00 00 00 00 00 

00 04 75 8d 49 c7 00 aa 00 30 91 09 08 00 45 00 
00 19 06 44 00 02 80 06 6b 0a c0 a8 24 20 c0 a8 
24 1e 93 02 00 00 6b 00 00 00 00 00 00 00 00 00 
00 00 00 00 00 00 00 00 00 00 00 00 

00 aa 00 30 91 0d 00 04 75 8d 49 c7 08 00 45 10 
00 29 48 50 40 00 40 06 28 e0 c0 a8 24 1e c0 a8 
24 20 00 17 04 2c d1 c8 36 09 4e f6 4b f2 50 18 
16 d0 bd 6e 00 00 6b 00 00 00 00 00 

00 04 75 8d 49 c7 00 aa 00 30 91 09 08 00 45 00 
00 1c 06 45 20 00 80 06 4b 08 c0 a8 24 20 c0 a8 
24 1e 04 2c 00 17 4e f6 4b f2 00 00 00 00 00 00 
00 00 00 00 00 00 00 00 00 00 00 00 

00 04 75 8d 49 c7 00 aa 00 30 91 09 08 00 45 00 
00 1c 06 45 20 01 80 06 4b 07 c0 a8 24 20 c0 a8 
24 1e d1 c8 36 0a 50 10 41 3c 00 00 00 00 00 00 
00 00 00 00 00 00 00 00 00 00 00 00 

00 04 75 8d 49 c7 00 aa 00 30 91 09 08 00 45 00 
00 18 06 45 00 02 80 06 6b 0a c0 a8 24 20 c0 a8 
24 1e fe 0a 00 00 00 00 00 00 00 00 00 00 00 00 
00 00 00 00 00 00 00 00 00 00 00 00 

00 04 75 8d 49 c7 00 aa 00 30 91 09 08 00 45 00 
00 1c 06 46 20 00 80 06 4b 07 c0 a8 24 20 c0 a8 
24 1e 04 2c 00 17 4e f6 4b f2 00 00 00 00 00 00 
00 00 00 00 00 00 00 00 00 00 00 00 

00 04 75 8d 49 c7 00 aa 00 30 91 09 08 00 45 00 
00 1c 06 46 20 01 80 06 4b 06 c0 a8 24 20 c0 a8 
24 1e d1 c8 36 0a 50 18 41 3c 00 00 00 00 00 00 
00 00 00 00 00 00 00 00 00 00 00 00 

00 04 75 8d 49 c7 00 aa 00 30 91 09 08 00 45 00 
00 19 06 46 00 02 80 06 6b 08 c0 a8 24 20 c0 a8 
24 1e 95 01 00 00 69 00 00 00 00 00 00 00 00 00 
00 00 00 00 00 00 00 00 00 00 00 00 

00 aa 00 30 91 0d 00 04 75 8d 49 c7 08 00 45 10 
00 29 48 51 40 00 40 06 28 df c0 a8 24 1e c0 a8 
24 20 00 17 04 2c d1 c8 36 0a 4e f6 4b f3 50 18 
16 d0 bf 6c 00 00 69 00 00 00 00 00 

00 04 75 8d 49 c7 00 aa 00 30 91 09 08 00 45 00 
00 1c 06 47 20 00 80 06 4b 06 c0 a8 24 20 c0 a8 
24 1e 04 2c 00 17 4e f6 4b f3 00 00 00 00 00 00 
00 00 00 00 00 00 00 00 00 00 00 00 

00 04 75 8d 49 c7 00 aa 00 30 91 09 08 00 45 00 
00 1c 06 47 20 01 80 06 4b 05 c0 a8 24 20 c0 a8 
24 1e d1 c8 36 0b 50 18 41 3b 00 00 00 00 00 00 
00 00 00 00 00 00 00 00 00 00 00 00 

00 04 75 8d 49 c7 00 aa 00 30 91 09 08 00 45 00 
00 19 06 47 00 02 80 06 6b 07 c0 a8 24 20 c0 a8 
24 1e 9a 00 00 00 64 00 00 00 00 00 00 00 00 00 
00 00 00 00 00 00 00 00 00 00 00 00 

00 aa 00 30 91 0d 00 04 75 8d 49 c7 08 00 45 10 
00 29 48 52 40 00 40 06 28 de c0 a8 24 1e c0 a8 
24 20 00 17 04 2c d1 c8 36 0b 4e f6 4b f4 50 18 
16 d0 c4 6a 00 00 64 00 00 00 00 00 

00 04 75 8d 49 c7 00 aa 00 30 91 09 08 00 45 00 
00 1c 06 48 20 00 80 06 4b 05 c0 a8 24 20 c0 a8 
24 1e 04 2c 00 17 4e f6 4b f4 00 00 00 00 00 00 
00 00 00 00 00 00 00 00 00 00 00 00 

00 04 75 8d 49 c7 00 aa 00 30 91 09 08 00 45 00 
00 1c 06 48 20 01 80 06 4b 04 c0 a8 24 20 c0 a8 
24 1e d1 c8 36 0c 50 10 41 3a 00 00 00 00 00 00 
00 00 00 00 00 00 00 00 00 00 00 00 

00 04 75 8d 49 c7 00 aa 00 30 91 09 08 00 45 00 
00 18 06 48 00 02 80 06 6b 07 c0 a8 24 20 c0 a8 
24 1e fe 08 00 00 00 00 00 00 00 00 00 00 00 00 
00 00 00 00 00 00 00 00 00 00 00 00 

00 04 75 8d 49 c7 00 aa 00 30 91 09 08 00 45 00 
00 1c 06 49 20 00 80 06 4b 04 c0 a8 24 20 c0 a8 
24 1e 04 2c 00 17 4e f6 4b f4 00 00 00 00 00 00 
00 00 00 00 00 00 00 00 00 00 00 00 

00 04 75 8d 49 c7 00 aa 00 30 91 09 08 00 45 00 
00 1c 06 49 20 01 80 06 4b 03 c0 a8 24 20 c0 a8 
24 1e d1 c8 36 0c 50 18 41 3a 00 00 00 00 00 00 
00 00 00 00 00 00 00 00 00 00 00 00 

00 04 75 8d 49 c7 00 aa 00 30 91 09 08 00 45 00 
00 19 06 49 00 02 80 06 6b 05 c0 a8 24 20 c0 a8 
24 1e 99 ff 00 00 64 00 00 00 00 00 00 00 00 00 
00 00 00 00 00 00 00 00 00 00 00 00 

00 aa 00 30 91 0d 00 04 75 8d 49 c7 08 00 45 10 
00 29 48 53 40 00 40 06 28 dd c0 a8 24 1e c0 a8 
24 20 00 17 04 2c d1 c8 36 0c 4e f6 4b f5 50 18 
16 d0 c4 68 00 00 64 00 00 00 00 00 

00 04 75 8d 49 c7 00 aa 00 30 91 09 08 00 45 00 
00 1c 06 4a 20 00 80 06 4b 03 c0 a8 24 20 c0 a8 
24 1e 04 2c 00 17 4e f6 4b f5 00 00 00 00 00 00 
00 00 00 00 00 00 00 00 00 00 00 00 

00 04 75 8d 49 c7 00 aa 00 30 91 09 08 00 45 00 
00 1c 06 4a 20 01 80 06 4b 02 c0 a8 24 20 c0 a8 
24 1e d1 c8 36 0d 50 18 41 39 00 00 00 00 00 00 
00 00 00 00 00 00 00 00 00 00 00 00 

00 04 75 8d 49 c7 00 aa 00 30 91 09 08 00 45 00 
00 19 06 4a 00 02 80 06 6b 04 c0 a8 24 20 c0 a8 
24 1e 94 fe 00 00 69 00 00 00 00 00 00 00 00 00 
00 00 00 00 00 00 00 00 00 00 00 00 

00 aa 00 30 91 0d 00 04 75 8d 49 c7 08 00 45 10 
00 29 48 54 40 00 40 06 28 dc c0 a8 24 1e c0 a8 
24 20 00 17 04 2c d1 c8 36 0d 4e f6 4b f6 50 18 
16 d0 bf 66 00 00 69 00 00 00 00 00 

00 04 75 8d 49 c7 00 aa 00 30 91 09 08 00 45 00 
00 1c 06 4b 20 00 80 06 4b 02 c0 a8 24 20 c0 a8 
24 1e 04 2c 00 17 4e f6 4b f6 00 00 00 00 00 00 
00 00 00 00 00 00 00 00 00 00 00 00 

00 04 75 8d 49 c7 00 aa 00 30 91 09 08 00 45 00 
00 1c 06 4b 20 01 80 06 4b 01 c0 a8 24 20 c0 a8 
24 1e d1 c8 36 0e 50 18 41 38 00 00 00 00 00 00 
00 00 00 00 00 00 00 00 00 00 00 00 

00 04 75 8d 49 c7 00 aa 00 30 91 09 08 00 45 00 
00 19 06 4b 00 02 80 06 6b 03 c0 a8 24 20 c0 a8 
24 1e 8f fd 00 00 6e 00 00 00 00 00 00 00 00 00 
00 00 00 00 00 00 00 00 00 00 00 00 

00 aa 00 30 91 0d 00 04 75 8d 49 c7 08 00 45 10 
00 29 48 55 40 00 40 06 28 db c0 a8 24 1e c0 a8 
24 20 00 17 04 2c d1 c8 36 0e 4e f6 4b f7 50 18 
16 d0 ba 64 00 00 6e 00 00 00 00 00 

00 04 75 8d 49 c7 00 aa 00 30 91 09 08 00 45 00 
00 1c 06 4c 20 00 80 06 4b 01 c0 a8 24 20 c0 a8 
24 1e 04 2c 00 17 4e f6 4b f7 00 00 00 00 00 00 
00 00 00 00 00 00 00 00 00 00 00 00 

00 04 75 8d 49 c7 00 aa 00 30 91 09 08 00 45 00 
00 1c 06 4c 20 01 80 06 4b 00 c0 a8 24 20 c0 a8 
24 1e d1 c8 36 0f 50 18 41 37 00 00 00 00 00 00 
00 00 00 00 00 00 00 00 00 00 00 00 

00 04 75 8d 49 c7 00 aa 00 30 91 09 08 00 45 00 
00 19 06 4c 00 02 80 06 6b 02 c0 a8 24 20 c0 a8 
24 1e 96 fc 00 00 67 00 00 00 00 00 00 00 00 00 
00 00 00 00 00 00 00 00 00 00 00 00 

00 aa 00 30 91 0d 00 04 75 8d 49 c7 08 00 45 10 
00 42 48 56 40 00 40 06 28 c1 c0 a8 24 1e c0 a8 
24 20 00 17 04 2c d1 c8 36 0f 4e f6 4b f8 50 18 
16 d0 c6 20 00 00 4c 6f 67 69 6e 20 69 6e 63 6f 
72 72 65 63 74 0d 0a 0d 0a 6c 6f 67 69 6e 3a 20 


00 04 75 8d 49 c7 00 aa 00 30 91 09 08 00 45 00 
00 1c 06 4d 20 00 80 06 4b 00 c0 a8 24 20 c0 a8 
24 1e 04 2c 00 17 4e f6 4b f8 00 00 00 00 00 00 
00 00 00 00 00 00 00 00 00 00 00 00 

00 04 75 8d 49 c7 00 aa 00 30 91 09 08 00 45 00 
00 1c 06 4d 20 01 80 06 4a ff c0 a8 24 20 c0 a8 
24 1e d1 c8 36 29 50 10 41 1d 00 00 00 00 00 00 
00 00 00 00 00 00 00 00 00 00 00 00 

00 04 75 8d 49 c7 00 aa 00 30 91 09 08 00 45 00 
00 18 06 4d 00 02 80 06 6b 02 c0 a8 24 20 c0 a8 
24 1e fe 04 00 00 00 00 00 00 00 00 00 00 00 00 
00 00 00 00 00 00 00 00 00 00 00 00 

00 aa 00 30 91 0d 00 04 75 8d 49 c7 08 00 45 10 
00 29 48 57 40 00 40 06 28 d9 c0 a8 24 1e c0 a8 
24 20 00 17 04 2c d1 c8 36 29 4e f6 4b f8 50 18 
16 d0 c1 48 00 00 67 00 00 00 00 00 

00 04 75 8d 49 c7 00 aa 00 30 91 09 08 00 45 00 
00 1c 06 4e 20 00 80 06 4a ff c0 a8 24 20 c0 a8 
24 1e 04 2c 00 17 4e f6 4b f8 00 00 00 00 00 00 
00 00 00 00 00 00 00 00 00 00 00 00 

00 04 75 8d 49 c7 00 aa 00 30 91 09 08 00 45 00 
00 1c 06 4e 20 01 80 06 4a fe c0 a8 24 20 c0 a8 
24 1e d1 c8 36 2a 50 18 41 1c 00 00 00 00 00 00 
00 00 00 00 00 00 00 00 00 00 00 00 

00 04 75 8d 49 c7 00 aa 00 30 91 09 08 00 45 00 
00 1a 06 4e 00 02 80 06 6a ff c0 a8 24 20 c0 a8 
24 1e f0 f0 00 00 0d 0a 00 00 00 00 00 00 00 00 
00 00 00 00 00 00 00 00 00 00 00 00 

00 aa 00 30 91 0d 00 04 75 8d 49 c7 08 00 45 10 
00 2a 48 58 40 00 40 06 28 d7 c0 a8 24 1e c0 a8 
24 20 00 17 04 2c d1 c8 36 2a 4e f6 4b fa 50 18 
16 d0 1b 3b 00 00 0d 0a 24 24 24 24 

00 04 75 8d 49 c7 00 aa 00 30 91 09 08 00 45 00 
00 1c 06 4f 20 00 80 06 4a fe c0 a8 24 20 c0 a8 
24 1e 04 2c 00 17 4e f6 4b fa 00 00 00 00 00 00 
00 00 00 00 00 00 00 00 00 00 00 00 

00 04 75 8d 49 c7 00 aa 00 30 91 09 08 00 45 00 
00 1c 06 4f 20 01 80 06 4a fd c0 a8 24 20 c0 a8 
24 1e d1 c8 36 2c 50 10 41 1a 00 00 00 00 00 00 
00 00 00 00 00 00 00 00 00 00 00 00 

00 04 75 8d 49 c7 00 aa 00 30 91 09 08 00 45 00 
00 18 06 4f 00 02 80 06 6b 00 c0 a8 24 20 c0 a8 
24 1e fe 02 00 00 00 00 00 00 00 00 00 00 00 00 
00 00 00 00 00 00 00 00 00 00 00 00 

00 aa 00 30 91 0d 00 04 75 8d 49 c7 08 00 45 10 
00 32 48 59 40 00 40 06 28 ce c0 a8 24 1e c0 a8 
24 20 00 17 04 2c d1 c8 36 2c 4e f6 4b fa 50 18 
16 d0 40 72 00 00 50 61 73 73 77 6f 72 64 3a 20 


00 04 75 8d 49 c7 00 aa 00 30 91 09 08 00 45 00 
00 1c 06 50 20 00 80 06 4a fd c0 a8 24 20 c0 a8 
24 1e 04 2c 00 17 4e f6 4b fa 00 00 00 00 00 00 
00 00 00 00 00 00 00 00 00 00 00 00 

00 04 75 8d 49 c7 00 aa 00 30 91 09 08 00 45 00 
00 1c 06 50 20 01 80 06 4a fc c0 a8 24 20 c0 a8 
24 1e d1 c8 36 36 50 10 41 10 00 00 00 00 00 00 
00 00 00 00 00 00 00 00 00 00 00 00 

00 04 75 8d 49 c7 00 aa 00 30 91 09 08 00 45 00 
00 18 06 50 00 02 80 06 6a ff c0 a8 24 20 c0 a8 
24 1e fe 02 00 00 00 00 00 00 00 00 00 00 00 00 
00 00 00 00 00 00 00 00 00 00 00 00 

00 04 75 8d 49 c7 00 aa 00 30 91 09 08 00 45 00 
00 1c 06 51 20 00 80 06 4a fc c0 a8 24 20 c0 a8 
24 1e 04 2c 00 17 4e f6 4b fa 00 00 00 00 00 00 
00 00 00 00 00 00 00 00 00 00 00 00 

00 04 75 8d 49 c7 00 aa 00 30 91 09 08 00 45 00 
00 1c 06 51 20 01 80 06 4a fb c0 a8 24 20 c0 a8 
24 1e d1 c8 36 36 50 18 41 10 00 00 00 00 00 00 
00 00 00 00 00 00 00 00 00 00 00 00 

00 04 75 8d 49 c7 00 aa 00 30 91 09 08 00 45 00 
00 19 06 51 00 02 80 06 6a fd c0 a8 24 20 c0 a8 
24 1e 95 f9 00 00 68 00 00 00 00 00 00 00 00 00 
00 00 00 00 00 00 00 00 00 00 00 00 

00 aa 00 30 91 0d 00 04 75 8d 49 c7 08 00 45 10 
00 28 48 5a 40 00 40 06 28 d7 c0 a8 24 1e c0 a8 
24 20 00 17 04 2c d1 c8 36 36 4e f6 4b fb 50 10 
16 d0 28 42 00 00 00 00 00 00 00 00 

00 04 75 8d 49 c7 00 aa 00 30 91 09 08 00 45 00 
00 1c 06 52 20 00 80 06 4a fb c0 a8 24 20 c0 a8 
24 1e 04 2c 00 17 4e f6 4b fb 00 00 00 00 00 00 
00 00 00 00 00 00 00 00 00 00 00 00 

00 04 75 8d 49 c7 00 aa 00 30 91 09 08 00 45 00 
00 1c 06 52 20 01 80 06 4a fa c0 a8 24 20 c0 a8 
24 1e d1 c8 36 36 50 18 41 10 00 00 00 00 00 00 
00 00 00 00 00 00 00 00 00 00 00 00 

00 04 75 8d 49 c7 00 aa 00 30 91 09 08 00 45 00 
00 19 06 52 00 02 80 06 6a fc c0 a8 24 20 c0 a8 
24 1e 9c f8 00 00 61 00 00 00 00 00 00 00 00 00 
00 00 00 00 00 00 00 00 00 00 00 00 

00 aa 00 30 91 0d 00 04 75 8d 49 c7 08 00 45 10 
00 28 48 5b 40 00 40 06 28 d6 c0 a8 24 1e c0 a8 
24 20 00 17 04 2c d1 c8 36 36 4e f6 4b fc 50 10 
16 d0 28 41 00 00 00 00 00 00 00 00 

00 04 75 8d 49 c7 00 aa 00 30 91 09 08 00 45 00 
00 1c 06 53 20 00 80 06 4a fa c0 a8 24 20 c0 a8 
24 1e 04 2c 00 17 4e f6 4b fc 00 00 00 00 00 00 
00 00 00 00 00 00 00 00 00 00 00 00 

00 04 75 8d 49 c7 00 aa 00 30 91 09 08 00 45 00 
00 1c 06 53 20 01 80 06 4a f9 c0 a8 24 20 c0 a8 
24 1e d1 c8 36 36 50 18 41 10 00 00 00 00 00 00 
00 00 00 00 00 00 00 00 00 00 00 00 

00 04 75 8d 49 c7 00 aa 00 30 91 09 08 00 45 00 
00 19 06 53 00 02 80 06 6a fb c0 a8 24 20 c0 a8 
24 1e 95 f7 00 00 68 00 00 00 00 00 00 00 00 00 
00 00 00 00 00 00 00 00 00 00 00 00 

00 aa 00 30 91 0d 00 04 75 8d 49 c7 08 00 45 10 
00 28 48 5c 40 00 40 06 28 d5 c0 a8 24 1e c0 a8 
24 20 00 17 04 2c d1 c8 36 36 4e f6 4b fd 50 10 
16 d0 28 40 00 00 00 00 00 00 00 00 

00 04 75 8d 49 c7 00 aa 00 30 91 09 08 00 45 00 
00 1c 06 54 20 00 80 06 4a f9 c0 a8 24 20 c0 a8 
24 1e 04 2c 00 17 4e f6 4b fd 00 00 00 00 00 00 
00 00 00 00 00 00 00 00 00 00 00 00 

00 04 75 8d 49 c7 00 aa 00 30 91 09 08 00 45 00 
00 1c 06 54 20 01 80 06 4a f8 c0 a8 24 20 c0 a8 
24 1e d1 c8 36 36 50 18 41 10 00 00 00 00 00 00 
00 00 00 00 00 00 00 00 00 00 00 00 

00 04 75 8d 49 c7 00 aa 00 30 91 09 08 00 45 00 
00 19 06 54 00 02 80 06 6a fa c0 a8 24 20 c0 a8 
24 1e 9c f6 00 00 61 00 00 00 00 00 00 00 00 00 
00 00 00 00 00 00 00 00 00 00 00 00 

00 aa 00 30 91 0d 00 04 75 8d 49 c7 08 00 45 10 
00 28 48 5d 40 00 40 06 28 d4 c0 a8 24 1e c0 a8 
24 20 00 17 04 2c d1 c8 36 36 4e f6 4b fe 50 10 
16 d0 28 3f 00 00 00 00 00 00 00 00 

00 04 75 8d 49 c7 00 aa 00 30 91 09 08 00 45 00 
00 1c 06 55 20 00 80 06 4a f8 c0 a8 24 20 c0 a8 
24 1e 04 2c 00 17 4e f6 4b fe 00 00 00 00 00 00 
00 00 00 00 00 00 00 00 00 00 00 00 

00 04 75 8d 49 c7 00 aa 00 30 91 09 08 00 45 00 
00 1c 06 55 20 01 80 06 4a f7 c0 a8 24 20 c0 a8 
24 1e d1 c8 36 36 50 18 41 10 00 00 00 00 00 00 
00 00 00 00 00 00 00 00 00 00 00 00 

00 04 75 8d 49 c7 00 aa 00 30 91 09 08 00 45 00 
00 19 06 55 00 02 80 06 6a f9 c0 a8 24 20 c0 a8 
24 1e 95 f5 00 00 68 00 00 00 00 00 00 00 00 00 
00 00 00 00 00 00 00 00 00 00 00 00 

00 aa 00 30 91 0d 00 04 75 8d 49 c7 08 00 45 10 
00 28 48 5e 40 00 40 06 28 d3 c0 a8 24 1e c0 a8 
24 20 00 17 04 2c d1 c8 36 36 4e f6 4b ff 50 10 
16 d0 28 3e 00 00 00 00 00 00 00 00 

00 04 75 8d 49 c7 00 aa 00 30 91 09 08 00 45 00 
00 1c 06 56 20 00 80 06 4a f7 c0 a8 24 20 c0 a8 
24 1e 04 2c 00 17 4e f6 4b ff 00 00 00 00 00 00 
00 00 00 00 00 00 00 00 00 00 00 00 

00 04 75 8d 49 c7 00 aa 00 30 91 09 08 00 45 00 
00 1c 06 56 20 01 80 06 4a f6 c0 a8 24 20 c0 a8 
24 1e d1 c8 36 36 50 18 41 10 00 00 00 00 00 00 
00 00 00 00 00 00 00 00 00 00 00 00 

00 04 75 8d 49 c7 00 aa 00 30 91 09 08 00 45 00 
00 19 06 56 00 02 80 06 6a f8 c0 a8 24 20 c0 a8 
24 1e 9c f4 00 00 61 00 00 00 00 00 00 00 00 00 
00 00 00 00 00 00 00 00 00 00 00 00 

00 aa 00 30 91 0d 00 04 75 8d 49 c7 08 00 45 10 
00 28 48 5f 40 00 40 06 28 d2 c0 a8 24 1e c0 a8 
24 20 00 17 04 2c d1 c8 36 36 4e f6 4c 00 50 10 
16 d0 28 3d 00 00 00 00 00 00 00 00 

00 04 75 8d 49 c7 00 aa 00 30 91 09 08 00 45 00 
00 1c 06 57 20 00 80 06 4a f6 c0 a8 24 20 c0 a8 
24 1e 04 2c 00 17 4e f6 4c 00 00 00 00 00 00 00 
00 00 00 00 00 00 00 00 00 00 00 00 

00 04 75 8d 49 c7 00 aa 00 30 91 09 08 00 45 00 
00 1c 06 57 20 01 80 06 4a f5 c0 a8 24 20 c0 a8 
24 1e d1 c8 36 36 50 18 41 10 00 00 00 00 00 00 
00 00 00 00 00 00 00 00 00 00 00 00 

00 04 75 8d 49 c7 00 aa 00 30 91 09 08 00 45 00 
00 19 06 57 00 02 80 06 6a f7 c0 a8 24 20 c0 a8 
24 1e 95 f3 00 00 68 00 00 00 00 00 00 00 00 00 
00 00 00 00 00 00 00 00 00 00 00 00 

00 aa 00 30 91 0d 00 04 75 8d 49 c7 08 00 45 10 
00 28 48 60 40 00 40 06 28 d1 c0 a8 24 1e c0 a8 
24 20 00 17 04 2c d1 c8 36 36 4e f6 4c 01 50 10 
16 d0 28 3c 00 00 00 00 00 00 00 00 

00 04 75 8d 49 c7 00 aa 00 30 91 09 08 00 45 00 
00 1c 06 58 20 00 80 06 4a f5 c0 a8 24 20 c0 a8 
24 1e 04 2c 00 17 4e f6 4c 01 00 00 00 00 00 00 
00 00 00 00 00 00 00 00 00 00 00 00 

00 04 75 8d 49 c7 00 aa 00 30 91 09 08 00 45 00 
00 1c 06 58 20 01 80 06 4a f4 c0 a8 24 20 c0 a8 
24 1e d1 c8 36 36 50 18 41 10 00 00 00 00 00 00 
00 00 00 00 00 00 00 00 00 00 00 00 

00 04 75 8d 49 c7 00 aa 00 30 91 09 08 00 45 00 
00 1a 06 58 00 02 80 06 6a f5 c0 a8 24 20 c0 a8 
24 1e f0 e7 00 00 0d 0a 00 00 00 00 00 00 00 00 
00 00 00 00 00 00 00 00 00 00 00 00 

00 aa 00 30 91 0d 00 04 75 8d 49 c7 08 00 45 10 
00 28 48 61 40 00 40 06 28 d0 c0 a8 24 1e c0 a8 
24 20 00 17 04 2c d1 c8 36 36 4e f6 4c 03 50 10 
16 d0 28 3a 00 00 00 00 00 00 00 00 

00 aa 00 30 91 0d 00 04 75 8d 49 c7 08 00 45 10 
00 2a 48 62 40 00 40 06 28 cd c0 a8 24 1e c0 a8 
24 20 00 17 04 2c d1 c8 36 36 4e f6 4c 03 50 18 
16 d0 1b 26 00 00 0d 0a 28 28 28 28 

00 04 75 8d 49 c7 00 aa 00 30 91 09 08 00 45 00 
00 1c 06 59 20 00 80 06 4a f4 c0 a8 24 20 c0 a8 
24 1e 04 2c 00 17 4e f6 4c 03 00 00 00 00 00 00 
00 00 00 00 00 00 00 00 00 00 00 00 

00 04 75 8d 49 c7 00 aa 00 30 91 09 08 00 45 00 
00 1c 06 59 20 01 80 06 4a f3 c0 a8 24 20 c0 a8 
24 1e d1 c8 36 38 50 10 41 0e 00 00 00 00 00 00 
00 00 00 00 00 00 00 00 00 00 00 00 

00 04 75 8d 49 c7 00 aa 00 30 91 09 08 00 45 00 
00 18 06 59 00 02 80 06 6a f6 c0 a8 24 20 c0 a8 
24 1e fd f9 00 00 00 00 00 00 00 00 00 00 00 00 
00 00 00 00 00 00 00 00 00 00 00 00 

00 aa 00 30 91 0d 00 04 75 8d 49 c7 08 00 45 10 
00 42 48 63 40 00 40 06 28 b4 c0 a8 24 1e c0 a8 
24 20 00 17 04 2c d1 c8 36 38 4e f6 4c 03 50 18 
16 d0 c5 ec 00 00 4c 6f 67 69 6e 20 69 6e 63 6f 
72 72 65 63 74 0d 0a 0d 0a 6c 6f 67 69 6e 3a 20 


00 04 75 8d 49 c7 00 aa 00 30 91 09 08 00 45 00 
00 1c 06 5a 20 00 80 06 4a f3 c0 a8 24 20 c0 a8 
24 1e 04 2c 00 17 4e f6 4c 03 00 00 00 00 00 00 
00 00 00 00 00 00 00 00 00 00 00 00 

00 04 75 8d 49 c7 00 aa 00 30 91 09 08 00 45 00 
00 1c 06 5a 20 01 80 06 4a f2 c0 a8 24 20 c0 a8 
24 1e d1 c8 36 52 50 10 40 f4 00 00 00 00 00 00 
00 00 00 00 00 00 00 00 00 00 00 00 

00 04 75 8d 49 c7 00 aa 00 30 91 09 08 00 45 00 
00 18 06 5a 00 02 80 06 6a f5 c0 a8 24 20 c0 a8 
24 1e fd f9 00 00 00 00 00 00 00 00 00 00 00 00 
00 00 00 00 00 00 00 00 00 00 00 00 

00 04 75 8d 49 c7 00 aa 00 30 91 09 08 00 45 00 
00 1c 06 5b 20 00 80 06 4a f2 c0 a8 24 20 c0 a8 
24 1e 04 2c 00 17 4e f6 4c 03 00 00 00 00 00 00 
00 00 00 00 00 00 00 00 00 00 00 00 

00 04 75 8d 49 c7 00 aa 00 30 91 09 08 00 45 00 
00 1c 06 5b 20 01 80 06 4a f1 c0 a8 24 20 c0 a8 
24 1e d1 c8 36 52 50 18 40 f4 00 00 00 00 00 00 
00 00 00 00 00 00 00 00 00 00 00 00 

00 04 75 8d 49 c7 00 aa 00 30 91 09 08 00 45 00 
00 19 06 5b 00 02 80 06 6a f3 c0 a8 24 20 c0 a8 
24 1e 88 f0 00 00 75 00 00 00 00 00 00 00 00 00 
00 00 00 00 00 00 00 00 00 00 00 00 

00 aa 00 30 91 0d 00 04 75 8d 49 c7 08 00 45 10 
00 29 48 64 40 00 40 06 28 cc c0 a8 24 1e c0 a8 
24 20 00 17 04 2c d1 c8 36 52 4e f6 4c 04 50 18 
16 d0 b3 13 00 00 75 00 00 00 00 00 

00 04 75 8d 49 c7 00 aa 00 30 91 09 08 00 45 00 
00 1c 06 5c 20 00 80 06 4a f1 c0 a8 24 20 c0 a8 
24 1e 04 2c 00 17 4e f6 4c 04 00 00 00 00 00 00 
00 00 00 00 00 00 00 00 00 00 00 00 

00 04 75 8d 49 c7 00 aa 00 30 91 09 08 00 45 00 
00 1c 06 5c 20 01 80 06 4a f0 c0 a8 24 20 c0 a8 
24 1e d1 c8 36 53 50 18 40 f3 00 00 00 00 00 00 
00 00 00 00 00 00 00 00 00 00 00 00 

00 04 75 8d 49 c7 00 aa 00 30 91 09 08 00 45 00 
00 19 06 5c 00 02 80 06 6a f2 c0 a8 24 20 c0 a8 
24 1e 8a ef 00 00 73 00 00 00 00 00 00 00 00 00 
00 00 00 00 00 00 00 00 00 00 00 00 

00 aa 00 30 91 0d 00 04 75 8d 49 c7 08 00 45 10 
00 29 48 65 40 00 40 06 28 cb c0 a8 24 1e c0 a8 
24 20 00 17 04 2c d1 c8 36 53 4e f6 4c 05 50 18 
16 d0 b5 11 00 00 73 00 00 00 00 00 

00 04 75 8d 49 c7 00 aa 00 30 91 09 08 00 45 00 
00 1c 06 5d 20 00 80 06 4a f0 c0 a8 24 20 c0 a8 
24 1e 04 2c 00 17 4e f6 4c 05 00 00 00 00 00 00 
00 00 00 00 00 00 00 00 00 00 00 00 

00 04 75 8d 49 c7 00 aa 00 30 91 09 08 00 45 00 
00 1c 06 5d 20 01 80 06 4a ef c0 a8 24 20 c0 a8 
24 1e d1 c8 36 54 50 10 40 f2 00 00 00 00 00 00 
00 00 00 00 00 00 00 00 00 00 00 00 

00 04 75 8d 49 c7 00 aa 00 30 91 09 08 00 45 00 
00 18 06 5d 00 02 80 06 6a f2 c0 a8 24 20 c0 a8 
24 1e fd f7 00 00 00 00 00 00 00 00 00 00 00 00 
00 00 00 00 00 00 00 00 00 00 00 00 

00 04 75 8d 49 c7 00 aa 00 30 91 09 08 00 45 00 
00 1c 06 5e 20 00 80 06 4a ef c0 a8 24 20 c0 a8 
24 1e 04 2c 00 17 4e f6 4c 05 00 00 00 00 00 00 
00 00 00 00 00 00 00 00 00 00 00 00 

00 04 75 8d 49 c7 00 aa 00 30 91 09 08 00 45 00 
00 1c 06 5e 20 01 80 06 4a ee c0 a8 24 20 c0 a8 
24 1e d1 c8 36 54 50 18 40 f2 00 00 00 00 00 00 
00 00 00 00 00 00 00 00 00 00 00 00 

00 04 75 8d 49 c7 00 aa 00 30 91 09 08 00 45 00 
00 19 06 5e 00 02 80 06 6a f0 c0 a8 24 20 c0 a8 
24 1e 98 ee 00 00 65 00 00 00 00 00 00 00 00 00 
00 00 00 00 00 00 00 00 00 00 00 00 

00 aa 00 30 91 0d 00 04 75 8d 49 c7 08 00 45 10 
00 29 48 66 40 00 40 06 28 ca c0 a8 24 1e c0 a8 
24 20 00 17 04 2c d1 c8 36 54 4e f6 4c 06 50 18 
16 d0 c3 0f 00 00 65 00 00 00 00 00 

00 04 75 8d 49 c7 00 aa 00 30 91 09 08 00 45 00 
00 1c 06 5f 20 00 80 06 4a ee c0 a8 24 20 c0 a8 
24 1e 04 2c 00 17 4e f6 4c 06 00 00 00 00 00 00 
00 00 00 00 00 00 00 00 00 00 00 00 

00 04 75 8d 49 c7 00 aa 00 30 91 09 08 00 45 00 
00 1c 06 5f 20 01 80 06 4a ed c0 a8 24 20 c0 a8 
24 1e d1 c8 36 55 50 18 40 f1 00 00 00 00 00 00 
00 00 00 00 00 00 00 00 00 00 00 00 

00 04 75 8d 49 c7 00 aa 00 30 91 09 08 00 45 00 
00 19 06 5f 00 02 80 06 6a ef c0 a8 24 20 c0 a8 
24 1e 8b ed 00 00 72 00 00 00 00 00 00 00 00 00 
00 00 00 00 00 00 00 00 00 00 00 00 

00 aa 00 30 91 0d 00 04 75 8d 49 c7 08 00 45 10 
00 29 48 67 40 00 40 06 28 c9 c0 a8 24 1e c0 a8 
24 20 00 17 04 2c d1 c8 36 55 4e f6 4c 07 50 18 
16 d0 b6 0d 00 00 72 00 00 00 00 00 

00 04 75 8d 49 c7 00 aa 00 30 91 09 08 00 45 00 
00 1c 06 60 20 00 80 06 4a ed c0 a8 24 20 c0 a8 
24 1e 04 2c 00 17 4e f6 4c 07 00 00 00 00 00 00 
00 00 00 00 00 00 00 00 00 00 00 00 

00 04 75 8d 49 c7 00 aa 00 30 91 09 08 00 45 00 
00 1c 06 60 20 01 80 06 4a ec c0 a8 24 20 c0 a8 
24 1e d1 c8 36 56 50 18 40 f0 00 00 00 00 00 00 
00 00 00 00 00 00 00 00 00 00 00 00 

00 04 75 8d 49 c7 00 aa 00 30 91 09 08 00 45 00 
00 1a 06 60 00 02 80 06 6a ed c0 a8 24 20 c0 a8 
24 1e f0 e1 00 00 0d 0a 00 00 00 00 00 00 00 00 
00 00 00 00 00 00 00 00 00 00 00 00 

00 aa 00 30 91 0d 00 04 75 8d 49 c7 08 00 45 10 
00 2a 48 68 40 00 40 06 28 c7 c0 a8 24 1e c0 a8 
24 20 00 17 04 2c d1 c8 36 56 4e f6 4c 09 50 18 
16 d0 1b 00 00 00 0d 0a 16 16 16 16 

00 04 75 8d 49 c7 00 aa 00 30 91 09 08 00 45 00 
00 1c 06 61 20 00 80 06 4a ec c0 a8 24 20 c0 a8 
24 1e 04 2c 00 17 4e f6 4c 09 00 00 00 00 00 00 
00 00 00 00 00 00 00 00 00 00 00 00 

00 04 75 8d 49 c7 00 aa 00 30 91 09 08 00 45 00 
00 1c 06 61 20 01 80 06 4a eb c0 a8 24 20 c0 a8 
24 1e d1 c8 36 58 50 10 40 ee 00 00 00 00 00 00 
00 00 00 00 00 00 00 00 00 00 00 00 

00 04 75 8d 49 c7 00 aa 00 30 91 09 08 00 45 00 
00 18 06 61 00 02 80 06 6a ee c0 a8 24 20 c0 a8 
24 1e fd f3 00 00 00 00 00 00 00 00 00 00 00 00 
00 00 00 00 00 00 00 00 00 00 00 00 

00 aa 00 30 91 0d 00 04 75 8d 49 c7 08 00 45 10 
00 32 48 69 40 00 40 06 28 be c0 a8 24 1e c0 a8 
24 20 00 17 04 2c d1 c8 36 58 4e f6 4c 09 50 18 
16 d0 40 37 00 00 50 61 73 73 77 6f 72 64 3a 20 


00 04 75 8d 49 c7 00 aa 00 30 91 09 08 00 45 00 
00 1c 06 62 20 00 80 06 4a eb c0 a8 24 20 c0 a8 
24 1e 04 2c 00 17 4e f6 4c 09 00 00 00 00 00 00 
00 00 00 00 00 00 00 00 00 00 00 00 

00 04 75 8d 49 c7 00 aa 00 30 91 09 08 00 45 00 
00 1c 06 62 20 01 80 06 4a ea c0 a8 24 20 c0 a8 
24 1e d1 c8 36 62 50 10 40 e4 00 00 00 00 00 00 
00 00 00 00 00 00 00 00 00 00 00 00 

00 04 75 8d 49 c7 00 aa 00 30 91 09 08 00 45 00 
00 18 06 62 00 02 80 06 6a ed c0 a8 24 20 c0 a8 
24 1e fd f3 00 00 00 00 00 00 00 00 00 00 00 00 
00 00 00 00 00 00 00 00 00 00 00 00 

00 04 75 8d 49 c7 00 aa 00 30 91 09 08 00 45 00 
00 1c 06 63 20 00 80 06 4a ea c0 a8 24 20 c0 a8 
24 1e 04 2c 00 17 4e f6 4c 09 00 00 00 00 00 00 
00 00 00 00 00 00 00 00 00 00 00 00 

00 04 75 8d 49 c7 00 aa 00 30 91 09 08 00 45 00 
00 1c 06 63 20 01 80 06 4a e9 c0 a8 24 20 c0 a8 
24 1e d1 c8 36 62 50 18 40 e4 00 00 00 00 00 00 
00 00 00 00 00 00 00 00 00 00 00 00 

00 04 75 8d 49 c7 00 aa 00 30 91 09 08 00 45 00 
00 19 06 63 00 02 80 06 6a eb c0 a8 24 20 c0 a8 
24 1e 8d ea 00 00 70 00 00 00 00 00 00 00 00 00 
00 00 00 00 00 00 00 00 00 00 00 00 

00 aa 00 30 91 0d 00 04 75 8d 49 c7 08 00 45 10 
00 28 48 6a 40 00 40 06 28 c7 c0 a8 24 1e c0 a8 
24 20 00 17 04 2c d1 c8 36 62 4e f6 4c 0a 50 10 
16 d0 28 07 00 00 00 00 00 00 00 00 

00 04 75 8d 49 c7 00 aa 00 30 91 09 08 00 45 00 
00 1c 06 64 20 00 80 06 4a e9 c0 a8 24 20 c0 a8 
24 1e 04 2c 00 17 4e f6 4c 0a 00 00 00 00 00 00 
00 00 00 00 00 00 00 00 00 00 00 00 

00 04 75 8d 49 c7 00 aa 00 30 91 09 08 00 45 00 
00 1c 06 64 20 01 80 06 4a e8 c0 a8 24 20 c0 a8 
24 1e d1 c8 36 62 50 18 40 e4 00 00 00 00 00 00 
00 00 00 00 00 00 00 00 00 00 00 00 

00 04 75 8d 49 c7 00 aa 00 30 91 09 08 00 45 00 
00 19 06 64 00 02 80 06 6a ea c0 a8 24 20 c0 a8 
24 1e 9c e9 00 00 61 00 00 00 00 00 00 00 00 00 
00 00 00 00 00 00 00 00 00 00 00 00 

00 aa 00 30 91 0d 00 04 75 8d 49 c7 08 00 45 10 
00 28 48 6b 40 00 40 06 28 c6 c0 a8 24 1e c0 a8 
24 20 00 17 04 2c d1 c8 36 62 4e f6 4c 0b 50 10 
16 d0 28 06 00 00 00 00 00 00 00 00 

00 04 75 8d 49 c7 00 aa 00 30 91 09 08 00 45 00 
00 1c 06 65 20 00 80 06 4a e8 c0 a8 24 20 c0 a8 
24 1e 04 2c 00 17 4e f6 4c 0b 00 00 00 00 00 00 
00 00 00 00 00 00 00 00 00 00 00 00 

00 04 75 8d 49 c7 00 aa 00 30 91 09 08 00 45 00 
00 1c 06 65 20 01 80 06 4a e7 c0 a8 24 20 c0 a8 
24 1e d1 c8 36 62 50 18 40 e4 00 00 00 00 00 00 
00 00 00 00 00 00 00 00 00 00 00 00 

00 04 75 8d 49 c7 00 aa 00 30 91 09 08 00 45 00 
00 19 06 65 00 02 80 06 6a e9 c0 a8 24 20 c0 a8 
24 1e 8a e8 00 00 73 00 00 00 00 00 00 00 00 00 
00 00 00 00 00 00 00 00 00 00 00 00 

00 aa 00 30 91 0d 00 04 75 8d 49 c7 08 00 45 10 
00 28 48 6c 40 00 40 06 28 c5 c0 a8 24 1e c0 a8 
24 20 00 17 04 2c d1 c8 36 62 4e f6 4c 0c 50 10 
16 d0 28 05 00 00 00 00 00 00 00 00 

00 04 75 8d 49 c7 00 aa 00 30 91 09 08 00 45 00 
00 1c 06 66 20 00 80 06 4a e7 c0 a8 24 20 c0 a8 
24 1e 04 2c 00 17 4e f6 4c 0c 00 00 00 00 00 00 
00 00 00 00 00 00 00 00 00 00 00 00 

00 04 75 8d 49 c7 00 aa 00 30 91 09 08 00 45 00 
00 1c 06 66 20 01 80 06 4a e6 c0 a8 24 20 c0 a8 
24 1e d1 c8 36 62 50 18 40 e4 00 00 00 00 00 00 
00 00 00 00 00 00 00 00 00 00 00 00 

00 04 75 8d 49 c7 00 aa 00 30 91 09 08 00 45 00 
00 19 06 66 00 02 80 06 6a e8 c0 a8 24 20 c0 a8 
24 1e 8a e7 00 00 73 00 00 00 00 00 00 00 00 00 
00 00 00 00 00 00 00 00 00 00 00 00 

00 aa 00 30 91 0d 00 04 75 8d 49 c7 08 00 45 10 
00 28 48 6d 40 00 40 06 28 c4 c0 a8 24 1e c0 a8 
24 20 00 17 04 2c d1 c8 36 62 4e f6 4c 0d 50 10 
16 d0 28 04 00 00 00 00 00 00 00 00 

00 04 75 8d 49 c7 00 aa 00 30 91 09 08 00 45 00 
00 1c 06 67 20 00 80 06 4a e6 c0 a8 24 20 c0 a8 
24 1e 04 2c 00 17 4e f6 4c 0d 00 00 00 00 00 00 
00 00 00 00 00 00 00 00 00 00 00 00 

00 04 75 8d 49 c7 00 aa 00 30 91 09 08 00 45 00 
00 1c 06 67 20 01 80 06 4a e5 c0 a8 24 20 c0 a8 
24 1e d1 c8 36 62 50 18 40 e4 00 00 00 00 00 00 
00 00 00 00 00 00 00 00 00 00 00 00 

00 04 75 8d 49 c7 00 aa 00 30 91 09 08 00 45 00 
00 1a 06 67 00 02 80 06 6a e6 c0 a8 24 20 c0 a8 
24 1e f0 db 00 00 0d 0a 00 00 00 00 00 00 00 00 
00 00 00 00 00 00 00 00 00 00 00 00 

00 aa 00 30 91 0d 00 04 75 8d 49 c7 08 00 45 10 
00 28 48 6e 40 00 40 06 28 c3 c0 a8 24 1e c0 a8 
24 20 00 17 04 2c d1 c8 36 62 4e f6 4c 0f 50 10 
16 d0 28 02 00 00 00 00 00 00 00 00 

00 aa 00 30 91 0d 00 04 75 8d 49 c7 08 00 45 10 
00 2a 48 6f 40 00 40 06 28 c0 c0 a8 24 1e c0 a8 
24 20 00 17 04 2c d1 c8 36 62 4e f6 4c 0f 50 18 
16 d0 1a ee 00 00 0d 0a 37 37 37 37 

00 04 75 8d 49 c7 00 aa 00 30 91 09 08 00 45 00 
00 1c 06 68 20 00 80 06 4a e5 c0 a8 24 20 c0 a8 
24 1e 04 2c 00 17 4e f6 4c 0f 00 00 00 00 00 00 
00 00 00 00 00 00 00 00 00 00 00 00 

00 04 75 8d 49 c7 00 aa 00 30 91 09 08 00 45 00 
00 1c 06 68 20 01 80 06 4a e4 c0 a8 24 20 c0 a8 
24 1e d1 c8 36 64 50 10 40 e2 00 00 00 00 00 00 
00 00 00 00 00 00 00 00 00 00 00 00 

00 04 75 8d 49 c7 00 aa 00 30 91 09 08 00 45 00 
00 18 06 68 00 02 80 06 6a e7 c0 a8 24 20 c0 a8 
24 1e fd ed 00 00 00 00 00 00 00 00 00 00 00 00 
00 00 00 00 00 00 00 00 00 00 00 00 

00 aa 00 30 91 0d 00 04 75 8d 49 c7 08 00 45 10 
00 42 48 70 40 00 40 06 28 a7 c0 a8 24 1e c0 a8 
24 20 00 17 04 2c d1 c8 36 64 4e f6 4c 0f 50 18 
16 d0 c5 b4 00 00 4c 6f 67 69 6e 20 69 6e 63 6f 
72 72 65 63 74 0d 0a 0d 0a 6c 6f 67 69 6e 3a 20 


00 04 75 8d 49 c7 00 aa 00 30 91 09 08 00 45 00 
00 1c 06 69 20 00 80 06 4a e4 c0 a8 24 20 c0 a8 
24 1e 04 2c 00 17 4e f6 4c 0f 00 00 00 00 00 00 
00 00 00 00 00 00 00 00 00 00 00 00 

00 04 75 8d 49 c7 00 aa 00 30 91 09 08 00 45 00 
00 1c 06 69 20 01 80 06 4a e3 c0 a8 24 20 c0 a8 
24 1e d1 c8 36 7e 50 10 40 c8 00 00 00 00 00 00 
00 00 00 00 00 00 00 00 00 00 00 00 

00 04 75 8d 49 c7 00 aa 00 30 91 09 08 00 45 00 
00 18 06 69 00 02 80 06 6a e6 c0 a8 24 20 c0 a8 
24 1e fd ed 00 00 00 00 00 00 00 00 00 00 00 00 
00 00 00 00 00 00 00 00 00 00 00 00 

00 04 75 8d 49 c7 00 aa 00 30 91 09 08 00 45 00 
00 1c 06 6a 20 00 80 06 4a e3 c0 a8 24 20 c0 a8 
24 1e 04 2c 00 17 4e f6 4c 0f 00 00 00 00 00 00 
00 00 00 00 00 00 00 00 00 00 00 00 

00 04 75 8d 49 c7 00 aa 00 30 91 09 08 00 45 00 
00 1c 06 6a 20 01 80 06 4a e2 c0 a8 24 20 c0 a8 
24 1e d1 c8 36 7e 50 18 40 c8 00 00 00 00 00 00 
00 00 00 00 00 00 00 00 00 00 00 00 

00 04 75 8d 49 c7 00 aa 00 30 91 09 08 00 45 00 
00 19 06 6a 00 02 80 06 6a e4 c0 a8 24 20 c0 a8 
24 1e 96 e4 00 00 67 00 00 00 00 00 00 00 00 00 
00 00 00 00 00 00 00 00 00 00 00 00 

00 aa 00 30 91 0d 00 04 75 8d 49 c7 08 00 45 10 
00 29 48 71 40 00 40 06 28 bf c0 a8 24 1e c0 a8 
24 20 00 17 04 2c d1 c8 36 7e 4e f6 4c 10 50 18 
16 d0 c0 db 00 00 67 00 00 00 00 00 

00 04 75 8d 49 c7 00 aa 00 30 91 09 08 00 45 00 
00 1c 06 6b 20 00 80 06 4a e2 c0 a8 24 20 c0 a8 
24 1e 04 2c 00 17 4e f6 4c 10 00 00 00 00 00 00 
00 00 00 00 00 00 00 00 00 00 00 00 

00 04 75 8d 49 c7 00 aa 00 30 91 09 08 00 45 00 
00 1c 06 6b 20 01 80 06 4a e1 c0 a8 24 20 c0 a8 
24 1e d1 c8 36 7f 50 10 40 c7 00 00 00 00 00 00 
00 00 00 00 00 00 00 00 00 00 00 00 

00 04 75 8d 49 c7 00 aa 00 30 91 09 08 00 45 00 
00 18 06 6b 00 02 80 06 6a e4 c0 a8 24 20 c0 a8 
24 1e fd ec 00 00 00 00 00 00 00 00 00 00 00 00 
00 00 00 00 00 00 00 00 00 00 00 00 

00 04 75 8d 49 c7 00 aa 00 30 91 09 08 00 45 00 
00 1c 06 6c 20 00 80 06 4a e1 c0 a8 24 20 c0 a8 
24 1e 04 2c 00 17 4e f6 4c 10 00 00 00 00 00 00 
00 00 00 00 00 00 00 00 00 00 00 00 

00 04 75 8d 49 c7 00 aa 00 30 91 09 08 00 45 00 
00 1c 06 6c 20 01 80 06 4a e0 c0 a8 24 20 c0 a8 
24 1e d1 c8 36 7f 50 18 40 c7 00 00 00 00 00 00 
00 00 00 00 00 00 00 00 00 00 00 00 

00 04 75 8d 49 c7 00 aa 00 30 91 09 08 00 45 00 
00 19 06 6c 00 02 80 06 6a e2 c0 a8 24 20 c0 a8 
24 1e 9c e3 00 00 61 00 00 00 00 00 00 00 00 00 
00 00 00 00 00 00 00 00 00 00 00 00 

00 aa 00 30 91 0d 00 04 75 8d 49 c7 08 00 45 10 
00 29 48 72 40 00 40 06 28 be c0 a8 24 1e c0 a8 
24 20 00 17 04 2c d1 c8 36 7f 4e f6 4c 11 50 18 
16 d0 c6 d9 00 00 61 00 00 00 00 00 

00 04 75 8d 49 c7 00 aa 00 30 91 09 08 00 45 00 
00 1c 06 6d 20 00 80 06 4a e0 c0 a8 24 20 c0 a8 
24 1e 04 2c 00 17 4e f6 4c 11 00 00 00 00 00 00 
00 00 00 00 00 00 00 00 00 00 00 00 

00 04 75 8d 49 c7 00 aa 00 30 91 09 08 00 45 00 
00 1c 06 6d 20 01 80 06 4a df c0 a8 24 20 c0 a8 
24 1e d1 c8 36 80 50 10 40 c6 00 00 00 00 00 00 
00 00 00 00 00 00 00 00 00 00 00 00 

00 04 75 8d 49 c7 00 aa 00 30 91 09 08 00 45 00 
00 18 06 6d 00 02 80 06 6a e2 c0 a8 24 20 c0 a8 
24 1e fd eb 00 00 00 00 00 00 00 00 00 00 00 00 
00 00 00 00 00 00 00 00 00 00 00 00 

00 04 75 8d 49 c7 00 aa 00 30 91 09 08 00 45 00 
00 1c 06 6e 20 00 80 06 4a df c0 a8 24 20 c0 a8 
24 1e 04 2c 00 17 4e f6 4c 11 00 00 00 00 00 00 
00 00 00 00 00 00 00 00 00 00 00 00 

00 04 75 8d 49 c7 00 aa 00 30 91 09 08 00 45 00 
00 1c 06 6e 20 01 80 06 4a de c0 a8 24 20 c0 a8 
24 1e d1 c8 36 80 50 18 40 c6 00 00 00 00 00 00 
00 00 00 00 00 00 00 00 00 00 00 00 

00 04 75 8d 49 c7 00 aa 00 30 91 09 08 00 45 00 
00 19 06 6e 00 02 80 06 6a e0 c0 a8 24 20 c0 a8 
24 1e 87 e2 00 00 76 00 00 00 00 00 00 00 00 00 
00 00 00 00 00 00 00 00 00 00 00 00 

00 aa 00 30 91 0d 00 04 75 8d 49 c7 08 00 45 10 
00 29 48 73 40 00 40 06 28 bd c0 a8 24 1e c0 a8 
24 20 00 17 04 2c d1 c8 36 80 4e f6 4c 12 50 18 
16 d0 b1 d7 00 00 76 00 00 00 00 00 

00 04 75 8d 49 c7 00 aa 00 30 91 09 08 00 45 00 
00 1c 06 6f 20 00 80 06 4a de c0 a8 24 20 c0 a8 
24 1e 04 2c 00 17 4e f6 4c 12 00 00 00 00 00 00 
00 00 00 00 00 00 00 00 00 00 00 00 

00 04 75 8d 49 c7 00 aa 00 30 91 09 08 00 45 00 
00 1c 06 6f 20 01 80 06 4a dd c0 a8 24 20 c0 a8 
24 1e d1 c8 36 81 50 18 40 c5 00 00 00 00 00 00 
00 00 00 00 00 00 00 00 00 00 00 00 

00 04 75 8d 49 c7 00 aa 00 30 91 09 08 00 45 00 
00 19 06 6f 00 02 80 06 6a df c0 a8 24 20 c0 a8 
24 1e 94 e1 00 00 69 00 00 00 00 00 00 00 00 00 
00 00 00 00 00 00 00 00 00 00 00 00 

00 aa 00 30 91 0d 00 04 75 8d 49 c7 08 00 45 10 
00 29 48 74 40 00 40 06 28 bc c0 a8 24 1e c0 a8 
24 20 00 17 04 2c d1 c8 36 81 4e f6 4c 13 50 18 
16 d0 be d5 00 00 69 00 00 00 00 00 

00 04 75 8d 49 c7 00 aa 00 30 91 09 08 00 45 00 
00 1c 06 70 20 00 80 06 4a dd c0 a8 24 20 c0 a8 
24 1e 04 2c 00 17 4e f6 4c 13 00 00 00 00 00 00 
00 00 00 00 00 00 00 00 00 00 00 00 

00 04 75 8d 49 c7 00 aa 00 30 91 09 08 00 45 00 
00 1c 06 70 20 01 80 06 4a dc c0 a8 24 20 c0 a8 
24 1e d1 c8 36 82 50 18 40 c4 00 00 00 00 00 00 
00 00 00 00 00 00 00 00 00 00 00 00 

00 04 75 8d 49 c7 00 aa 00 30 91 09 08 00 45 00 
00 19 06 70 00 02 80 06 6a de c0 a8 24 20 c0 a8 
24 1e 8f e0 00 00 6e 00 00 00 00 00 00 00 00 00 
00 00 00 00 00 00 00 00 00 00 00 00 

00 aa 00 30 91 0d 00 04 75 8d 49 c7 08 00 45 10 
00 29 48 75 40 00 40 06 28 bb c0 a8 24 1e c0 a8 
24 20 00 17 04 2c d1 c8 36 82 4e f6 4c 14 50 18 
16 d0 b9 d3 00 00 6e 00 00 00 00 00 

00 04 75 8d 49 c7 00 aa 00 30 91 09 08 00 45 00 
00 1c 06 71 20 00 80 06 4a dc c0 a8 24 20 c0 a8 
24 1e 04 2c 00 17 4e f6 4c 14 00 00 00 00 00 00 
00 00 00 00 00 00 00 00 00 00 00 00 

00 04 75 8d 49 c7 00 aa 00 30 91 09 08 00 45 00 
00 1c 06 71 20 01 80 06 4a db c0 a8 24 20 c0 a8 
24 1e d1 c8 36 83 50 10 40 c3 00 00 00 00 00 00 
00 00 00 00 00 00 00 00 00 00 00 00 

00 04 75 8d 49 c7 00 aa 00 30 91 09 08 00 45 00 
00 18 06 71 00 02 80 06 6a de c0 a8 24 20 c0 a8 
24 1e fd e8 00 00 00 00 00 00 00 00 00 00 00 00 
00 00 00 00 00 00 00 00 00 00 00 00 

00 04 75 8d 49 c7 00 aa 00 30 91 09 08 00 45 00 
00 1c 06 72 20 00 80 06 4a db c0 a8 24 20 c0 a8 
24 1e 04 2c 00 17 4e f6 4c 14 00 00 00 00 00 00 
00 00 00 00 00 00 00 00 00 00 00 00 

00 04 75 8d 49 c7 00 aa 00 30 91 09 08 00 45 00 
00 1c 06 72 20 01 80 06 4a da c0 a8 24 20 c0 a8 
24 1e d1 c8 36 83 50 18 40 c3 00 00 00 00 00 00 
00 00 00 00 00 00 00 00 00 00 00 00 

00 04 75 8d 49 c7 00 aa 00 30 91 09 08 00 45 00 
00 1a 06 72 00 02 80 06 6a db c0 a8 24 20 c0 a8 
24 1e f0 d4 00 00 0d 0a 00 00 00 00 00 00 00 00 
00 00 00 00 00 00 00 00 00 00 00 00 

00 aa 00 30 91 0d 00 04 75 8d 49 c7 08 00 45 10 
00 2a 48 76 40 00 40 06 28 b9 c0 a8 24 1e c0 a8 
24 20 00 17 04 2c d1 c8 36 83 4e f6 4c 16 50 18 
16 d0 1a c6 00 00 0d 0a 38 38 38 38 

00 04 75 8d 49 c7 00 aa 00 30 91 09 08 00 45 00 
00 1c 06 73 20 00 80 06 4a da c0 a8 24 20 c0 a8 
24 1e 04 2c 00 17 4e f6 4c 16 00 00 00 00 00 00 
00 00 00 00 00 00 00 00 00 00 00 00 

00 04 75 8d 49 c7 00 aa 00 30 91 09 08 00 45 00 
00 1c 06 73 20 01 80 06 4a d9 c0 a8 24 20 c0 a8 
24 1e d1 c8 36 85 50 10 40 c1 00 00 00 00 00 00 
00 00 00 00 00 00 00 00 00 00 00 00 

00 04 75 8d 49 c7 00 aa 00 30 91 09 08 00 45 00 
00 18 06 73 00 02 80 06 6a dc c0 a8 24 20 c0 a8 
24 1e fd e6 00 00 00 00 00 00 00 00 00 00 00 00 
00 00 00 00 00 00 00 00 00 00 00 00 

00 aa 00 30 91 0d 00 04 75 8d 49 c7 08 00 45 10 
00 32 48 77 40 00 40 06 28 b0 c0 a8 24 1e c0 a8 
24 20 00 17 04 2c d1 c8 36 85 4e f6 4c 16 50 18 
16 d0 3f fd 00 00 50 61 73 73 77 6f 72 64 3a 20 


00 04 75 8d 49 c7 00 aa 00 30 91 09 08 00 45 00 
00 1c 06 74 20 00 80 06 4a d9 c0 a8 24 20 c0 a8 
24 1e 04 2c 00 17 4e f6 4c 16 00 00 00 00 00 00 
00 00 00 00 00 00 00 00 00 00 00 00 

00 04 75 8d 49 c7 00 aa 00 30 91 09 08 00 45 00 
00 1c 06 74 20 01 80 06 4a d8 c0 a8 24 20 c0 a8 
24 1e d1 c8 36 8f 50 10 40 b7 00 00 00 00 00 00 
00 00 00 00 00 00 00 00 00 00 00 00 

00 04 75 8d 49 c7 00 aa 00 30 91 09 08 00 45 00 
00 18 06 74 00 02 80 06 6a db c0 a8 24 20 c0 a8 
24 1e fd e6 00 00 00 00 00 00 00 00 00 00 00 00 
00 00 00 00 00 00 00 00 00 00 00 00 

00 04 75 8d 49 c7 00 aa 00 30 91 09 08 00 45 00 
00 1c 06 75 20 00 80 06 4a d8 c0 a8 24 20 c0 a8 
24 1e 04 2c 00 17 4e f6 4c 16 00 00 00 00 00 00 
00 00 00 00 00 00 00 00 00 00 00 00 

00 04 75 8d 49 c7 00 aa 00 30 91 09 08 00 45 00 
00 1c 06 75 20 01 80 06 4a d7 c0 a8 24 20 c0 a8 
24 1e d1 c8 36 8f 50 18 40 b7 00 00 00 00 00 00 
00 00 00 00 00 00 00 00 00 00 00 00 

00 04 75 8d 49 c7 00 aa 00 30 91 09 08 00 45 00 
00 19 06 75 00 02 80 06 6a d9 c0 a8 24 20 c0 a8 
24 1e 90 dd 00 00 6d 00 00 00 00 00 00 00 00 00 
00 00 00 00 00 00 00 00 00 00 00 00 

00 aa 00 30 91 0d 00 04 75 8d 49 c7 08 00 45 10 
00 28 48 78 40 00 40 06 28 b9 c0 a8 24 1e c0 a8 
24 20 00 17 04 2c d1 c8 36 8f 4e f6 4c 17 50 10 
16 d0 27 cd 00 00 00 00 00 00 00 00 

00 04 75 8d 49 c7 00 aa 00 30 91 09 08 00 45 00 
00 1c 06 76 20 00 80 06 4a d7 c0 a8 24 20 c0 a8 
24 1e 04 2c 00 17 4e f6 4c 17 00 00 00 00 00 00 
00 00 00 00 00 00 00 00 00 00 00 00 

00 04 75 8d 49 c7 00 aa 00 30 91 09 08 00 45 00 
00 1c 06 76 20 01 80 06 4a d6 c0 a8 24 20 c0 a8 
24 1e d1 c8 36 8f 50 18 40 b7 00 00 00 00 00 00 
00 00 00 00 00 00 00 00 00 00 00 00 

00 04 75 8d 49 c7 00 aa 00 30 91 09 08 00 45 00 
00 19 06 76 00 02 80 06 6a d8 c0 a8 24 20 c0 a8 
24 1e 9c dc 00 00 61 00 00 00 00 00 00 00 00 00 
00 00 00 00 00 00 00 00 00 00 00 00 

00 aa 00 30 91 0d 00 04 75 8d 49 c7 08 00 45 10 
00 28 48 79 40 00 40 06 28 b8 c0 a8 24 1e c0 a8 
24 20 00 17 04 2c d1 c8 36 8f 4e f6 4c 18 50 10 
16 d0 27 cc 00 00 00 00 00 00 00 00 

00 04 75 8d 49 c7 00 aa 00 30 91 09 08 00 45 00 
00 1c 06 77 20 00 80 06 4a d6 c0 a8 24 20 c0 a8 
24 1e 04 2c 00 17 4e f6 4c 18 00 00 00 00 00 00 
00 00 00 00 00 00 00 00 00 00 00 00 

00 04 75 8d 49 c7 00 aa 00 30 91 09 08 00 45 00 
00 1c 06 77 20 01 80 06 4a d5 c0 a8 24 20 c0 a8 
24 1e d1 c8 36 8f 50 18 40 b7 00 00 00 00 00 00 
00 00 00 00 00 00 00 00 00 00 00 00 

00 04 75 8d 49 c7 00 aa 00 30 91 09 08 00 45 00 
00 19 06 77 00 02 80 06 6a d7 c0 a8 24 20 c0 a8 
24 1e 8f db 00 00 6e 00 00 00 00 00 00 00 00 00 
00 00 00 00 00 00 00 00 00 00 00 00 

00 aa 00 30 91 0d 00 04 75 8d 49 c7 08 00 45 10 
00 28 48 7a 40 00 40 06 28 b7 c0 a8 24 1e c0 a8 
24 20 00 17 04 2c d1 c8 36 8f 4e f6 4c 19 50 10 
16 d0 27 cb 00 00 00 00 00 00 00 00 

00 04 75 8d 49 c7 00 aa 00 30 91 09 08 00 45 00 
00 1c 06 78 20 00 80 06 4a d5 c0 a8 24 20 c0 a8 
24 1e 04 2c 00 17 4e f6 4c 19 00 00 00 00 00 00 
00 00 00 00 00 00 00 00 00 00 00 00 

00 04 75 8d 49 c7 00 aa 00 30 91 09 08 00 45 00 
00 1c 06 78 20 01 80 06 4a d4 c0 a8 24 20 c0 a8 
24 1e d1 c8 36 8f 50 18 40 b7 00 00 00 00 00 00 
00 00 00 00 00 00 00 00 00 00 00 00 

00 04 75 8d 49 c7 00 aa 00 30 91 09 08 00 45 00 
00 19 06 78 00 02 80 06 6a d6 c0 a8 24 20 c0 a8 
24 1e 98 da 00 00 65 00 00 00 00 00 00 00 00 00 
00 00 00 00 00 00 00 00 00 00 00 00 

00 aa 00 30 91 0d 00 04 75 8d 49 c7 08 00 45 10 
00 28 48 7b 40 00 40 06 28 b6 c0 a8 24 1e c0 a8 
24 20 00 17 04 2c d1 c8 36 8f 4e f6 4c 1a 50 10 
16 d0 27 ca 00 00 00 00 00 00 00 00 

00 04 75 8d 49 c7 00 aa 00 30 91 09 08 00 45 00 
00 1c 06 79 20 00 80 06 4a d4 c0 a8 24 20 c0 a8 
24 1e 04 2c 00 17 4e f6 4c 1a 00 00 00 00 00 00 
00 00 00 00 00 00 00 00 00 00 00 00 

00 04 75 8d 49 c7 00 aa 00 30 91 09 08 00 45 00 
00 1c 06 79 20 01 80 06 4a d3 c0 a8 24 20 c0 a8 
24 1e d1 c8 36 8f 50 18 40 b7 00 00 00 00 00 00 
00 00 00 00 00 00 00 00 00 00 00 00 

00 04 75 8d 49 c7 00 aa 00 30 91 09 08 00 45 00 
00 19 06 79 00 02 80 06 6a d5 c0 a8 24 20 c0 a8 
24 1e 8a d9 00 00 73 00 00 00 00 00 00 00 00 00 
00 00 00 00 00 00 00 00 00 00 00 00 

00 aa 00 30 91 0d 00 04 75 8d 49 c7 08 00 45 10 
00 28 48 7c 40 00 40 06 28 b5 c0 a8 24 1e c0 a8 
24 20 00 17 04 2c d1 c8 36 8f 4e f6 4c 1b 50 10 
16 d0 27 c9 00 00 00 00 00 00 00 00 

00 04 75 8d 49 c7 00 aa 00 30 91 09 08 00 45 00 
00 1c 06 7a 20 00 80 06 4a d3 c0 a8 24 20 c0 a8 
24 1e 04 2c 00 17 4e f6 4c 1b 00 00 00 00 00 00 
00 00 00 00 00 00 00 00 00 00 00 00 

00 04 75 8d 49 c7 00 aa 00 30 91 09 08 00 45 00 
00 1c 06 7a 20 01 80 06 4a d2 c0 a8 24 20 c0 a8 
24 1e d1 c8 36 8f 50 18 40 b7 00 00 00 00 00 00 
00 00 00 00 00 00 00 00 00 00 00 00 

00 04 75 8d 49 c7 00 aa 00 30 91 09 08 00 45 00 
00 1a 06 7a 00 02 80 06 6a d3 c0 a8 24 20 c0 a8 
24 1e f0 cd 00 00 0d 0a 00 00 00 00 00 00 00 00 
00 00 00 00 00 00 00 00 00 00 00 00 

00 aa 00 30 91 0d 00 04 75 8d 49 c7 08 00 45 10 
00 28 48 7d 40 00 40 06 28 b4 c0 a8 24 1e c0 a8 
24 20 00 17 04 2c d1 c8 36 8f 4e f6 4c 1d 50 10 
16 d0 27 c7 00 00 00 00 00 00 00 00 

00 aa 00 30 91 0d 00 04 75 8d 49 c7 08 00 45 10 
00 2a 48 7e 40 00 40 06 28 b1 c0 a8 24 1e c0 a8 
24 20 00 17 04 2c d1 c8 36 8f 4e f6 4c 1d 50 18 
16 d0 1a b3 00 00 0d 0a 36 36 36 36 

00 04 75 8d 49 c7 00 aa 00 30 91 09 08 00 45 00 
00 1c 06 7b 20 00 80 06 4a d2 c0 a8 24 20 c0 a8 
24 1e 04 2c 00 17 4e f6 4c 1d 00 00 00 00 00 00 
00 00 00 00 00 00 00 00 00 00 00 00 

00 04 75 8d 49 c7 00 aa 00 30 91 09 08 00 45 00 
00 1c 06 7b 20 01 80 06 4a d1 c0 a8 24 20 c0 a8 
24 1e d1 c8 36 91 50 10 40 b5 00 00 00 00 00 00 
00 00 00 00 00 00 00 00 00 00 00 00 

00 04 75 8d 49 c7 00 aa 00 30 91 09 08 00 45 00 
00 18 06 7b 00 02 80 06 6a d4 c0 a8 24 20 c0 a8 
24 1e fd df 00 00 00 00 00 00 00 00 00 00 00 00 
00 00 00 00 00 00 00 00 00 00 00 00 

00 aa 00 30 91 0d 00 04 75 8d 49 c7 08 00 45 10 
00 3b 48 7f 40 00 40 06 28 9f c0 a8 24 1e c0 a8 
24 20 00 17 04 2c d1 c8 36 91 4e f6 4c 1d 50 18 
16 d0 d5 e5 00 00 0d 0a 4c 6f 67 69 6e 20 69 6e 
63 6f 72 72 65 63 74 0d 0a 

00 aa 00 30 91 0d 00 04 75 8d 49 c7 08 00 45 10 
00 28 48 80 40 00 40 06 28 b1 c0 a8 24 1e c0 a8 
24 20 00 17 04 2c d1 c8 36 a4 4e f6 4c 1d 50 11 
16 d0 27 b1 00 00 00 00 00 00 00 00 

00 04 75 8d 49 c7 00 aa 00 30 91 09 08 00 45 00 
00 1c 06 7c 20 00 80 06 4a d1 c0 a8 24 20 c0 a8 
24 1e 04 2c 00 17 4e f6 4c 1d 00 00 00 00 00 00 
00 00 00 00 00 00 00 00 00 00 00 00 

00 04 75 8d 49 c7 00 aa 00 30 91 09 08 00 45 00 
00 1c 06 7c 20 01 80 06 4a d0 c0 a8 24 20 c0 a8 
24 1e d1 c8 36 a5 50 10 40 a2 00 00 00 00 00 00 
00 00 00 00 00 00 00 00 00 00 00 00 

00 04 75 8d 49 c7 00 aa 00 30 91 09 08 00 45 00 
00 18 06 7c 00 02 80 06 6a d3 c0 a8 24 20 c0 a8 
24 1e fd de 00 00 00 00 00 00 00 00 00 00 00 00 
00 00 00 00 00 00 00 00 00 00 00 00 

00 04 75 8d 49 c7 00 aa 00 30 91 09 08 00 45 00 
00 1c 06 7d 20 00 80 06 4a d0 c0 a8 24 20 c0 a8 
24 1e 04 2c 00 17 4e f6 4c 1d 00 00 00 00 00 00 
00 00 00 00 00 00 00 00 00 00 00 00 

00 04 75 8d 49 c7 00 aa 00 30 91 09 08 00 45 00 
00 1c 06 7d 20 01 80 06 4a cf c0 a8 24 20 c0 a8 
24 1e d1 c8 36 a5 50 11 40 a2 00 00 00 00 00 00 
00 00 00 00 00 00 00 00 00 00 00 00 

00 04 75 8d 49 c7 00 aa 00 30 91 09 08 00 45 00 
00 18 06 7d 00 02 80 06 6a d2 c0 a8 24 20 c0 a8 
24 1e fd dd 00 00 00 00 00 00 00 00 00 00 00 00 
00 00 00 00 00 00 00 00 00 00 00 00 

00 aa 00 30 91 0d 00 04 75 8d 49 c7 08 00 45 00 
00 28 00 00 40 00 40 06 71 41 c0 a8 24 1e c0 a8 
24 20 00 17 04 2c d1 c8 36 a5 4e f6 4c 1e 50 10 
16 d0 27 b0 00 00 00 00 00 00 00 00 
