00 01 03 cd 5e 15 00 01 03 cd 5e 2d 08 00 45 00
00 1d 04 55 1f fe ff 01 13 6a c0 a8 01 c8 c0 a8
01 0a 08 00 00 00 00 00 00 00 00 00 00 00 00 00
00 00 00 00 00 00 00 00 00 00 00 00

00 40 f4 00 08 0f 00 30 80 e2 2d 16 08 00 45 00                
00 38 00 f2 20 00 3f 11 8f 5f 81 f4 7d c2 81 f4                
49 b9 10 39 ee 75 00 24 00 00 00 00 00 00 00 00                
00 00 00 00 00 00 00 00 00 00 00 00 00 00 00 00                
00 00 00 00 00 00

00 40 f4 00 08 0f 00 30 80 e2 2d 16 08 00 45 00             
00 18 00 f2 00 03 3f 11 af 7c 81 f4 7d c2 81 f4                
49 b9 10 39 ee 75 00 00 00 00 00 00 00 00 00 00                
00 00 00 00 00 00 00 00 00 00 00 00

00 01 03 cd 5e 15 00 01 03 cd 5e 2d 08 00 45 00
00 1d 04 55 1f fe ff 11 14 0e c0 a8 01 14 c0 a8
01 0a 04 d3 00 50 00 09 00 00 61 00 00 00 00 00
00 00 00 00 00 00 00 00 00 00 00 00

ff ff ff ff ff ff 00 01 03 cd 5e 2d 08 06 00 01
08 00 06 04 00 01 00 01 03 cd 5e 2d c0 a8 01 c8
00 00 00 00 00 00 c0 a8 01 32 00 00 00 00 00 00
00 00 00 00 00 00 00 00 00 00 00 00

00 01 03 cd 5e 2d 00 01 03 cd 50 3c 08 06 00 01
08 00 06 04 00 02 00 01 03 cd 50 3c c0 a8 01 32
00 01 03 cd 5e 2d c0 a8 01 c8 00 00 00 00 00 00
00 00 00 00 00 00 00 00 00 00 00 00

00 01 03 cd 50 3c 00 01 03 cd 5e 2d 08 00 45 00
00 34 05 29 40 00 40 06 b1 50 c0 a8 01 c8 c0 a8
01 32 80 03 00 8b 03 6e 6f b9 00 00 00 00 80 02
16 d0 e0 47 00 00 02 04 05 b4 01 01 04 02 01 03
03 00

00 01 03 cd 5e 2d 00 01 03 cd 50 3c 08 00 45 00
00 2c 00 00 40 00 20 06 d6 81 c0 a8 01 32 c0 a8
01 c8 00 8b 80 03 00 0e dc d4 03 6e 6f ba 60 12
22 38 20 fa 00 00 02 04 05 b4 00 00

00 01 03 cd 50 3c 00 01 03 cd 5e 2d 08 00 45 00
00 28 05 2a 40 00 40 06 b1 5b c0 a8 01 c8 c0 a8
01 32 80 03 00 8b 03 6e 6f ba 00 0e dc d5 50 10
16 d0 44 1f 00 00 00 00 00 00 00 00

00 01 03 cd 50 3c 00 01 03 cd 5e 2d 08 00 45 00
00 2b 05 2b 40 00 40 06 b1 57 c0 a8 01 c8 c0 a8
01 32 80 03 00 8b 03 6e 6f ba 00 0e dc d5 50 38
16 d0 9c 77 00 03 42 79 65 00 00 00

00 01 03 cd 50 3c 00 01 03 cd 5e 2d 08 00 45 00
00 28 05 2c 40 00 40 06 b1 59 c0 a8 01 c8 c0 a8
01 32 80 03 00 8b 03 6e 6f bd 00 0e dc d5 50 11
16 d0 44 1b 00 00 00 00 00 00 00 00 

00 01 03 cd 50 3c 00 01 03 cd 5e 2d 08 00 45 00
00 2b 05 2d 40 00 40 06 b1 55 c0 a8 01 c8 c0 a8
01 32 80 03 00 8b 03 6e 6f ba 00 0e dc d5 50 39
16 d0 9c 76 00 03 42 79 65 00 00 00
