00 01 03 dd 3c ed 00 01 03 cd 4f 39 08 00 45 00 
00 3c 0f 0b 00 00 80 01 62 27 c0 a8 24 20 c0 a8 
24 1e 08 00 45 5c 03 00 05 00 61 62 63 64 65 66 
67 68 69 6a 6b 6c 6d 6e 6f 70 71 72 73 74 75 76 
77 61 62 63 64 65 66 67 68 69 

00 01 03 cd 4f 39 00 01 03 dd 3c ed 08 00 45 00 
00 3c d1 5d 00 00 40 01 df d4 c0 a8 24 1e c0 a8 
24 20 00 00 4d 5c 03 00 05 00 61 62 63 64 65 66 
67 68 69 6a 6b 6c 6d 6e 6f 70 71 72 73 74 75 76 
77 61 62 63 64 65 66 67 68 69 

00 01 03 dd 3c ed 00 01 03 cd 4f 39 08 00 45 00 
00 3c 0f 0c 00 00 80 01 62 26 c0 a8 24 20 c0 a8 
24 1e 08 00 44 5c 03 00 06 00 61 62 63 64 65 66 
67 68 69 6a 6b 6c 6d 6e 6f 70 71 72 73 74 75 76 
77 61 62 63 64 65 66 67 68 69 

00 01 03 cd 4f 39 00 01 03 dd 3c ed 08 00 45 00 
00 3c d1 5e 00 00 40 01 df d3 c0 a8 24 1e c0 a8 
24 20 00 00 4c 5c 03 00 06 00 61 62 63 64 65 66 
67 68 69 6a 6b 6c 6d 6e 6f 70 71 72 73 74 75 76 
77 61 62 63 64 65 66 67 68 69 

00 01 03 dd 3c ed 00 01 03 cd 4f 39 08 00 45 00 
00 3c 0f 0d 00 00 80 01 62 25 c0 a8 24 20 c0 a8 
24 1e 08 00 43 5c 03 00 07 00 61 62 63 64 65 66 
67 68 69 6a 6b 6c 6d 6e 6f 70 71 72 73 74 75 76 
77 61 62 63 64 65 66 67 68 69 

00 01 03 cd 4f 39 00 01 03 dd 3c ed 08 00 45 00 
00 3c d1 5f 00 00 40 01 df d2 c0 a8 24 1e c0 a8 
24 20 00 00 4b 5c 03 00 07 00 61 62 63 64 65 66 
67 68 69 6a 6b 6c 6d 6e 6f 70 71 72 73 74 75 76 
77 61 62 63 64 65 66 67 68 69 

00 01 03 dd 3c ed 00 01 03 cd 4f 39 08 00 45 00 
00 3c 0f 0e 00 00 80 01 62 24 c0 a8 24 20 c0 a8 
24 1e 08 00 42 5c 03 00 08 00 61 62 63 64 65 66 
67 68 69 6a 6b 6c 6d 6e 6f 70 71 72 73 74 75 76 
77 61 62 63 64 65 66 67 68 69 

00 01 03 cd 4f 39 00 01 03 dd 3c ed 08 00 45 00 
00 3c d1 60 00 00 40 01 df d1 c0 a8 24 1e c0 a8 
24 20 00 00 4a 5c 03 00 08 00 61 62 63 64 65 66 
67 68 69 6a 6b 6c 6d 6e 6f 70 71 72 73 74 75 76 
77 61 62 63 64 65 66 67 68 69 


